0.07596616,0.04586835,0.04364614,0.13676043,0.19366297,0.09168224,0.053084973,0.08507317,0.052730437,0.15384032,0.0797637,0.27191132,0.13910773,0.060369734,0.06631755,0.17482312,0.15123582,0.22764915,0.31991017,0.13221034,0.10602506,0.10013552,0.12618959,0.060817096,0.06548544,0.11048398,0.06765365,0.06899413,0.106422484,0.07005893,0.07816273,0.056144066,0.06421868,0.059788283,0.05612775,0.06847877,0.06288428,0.04777578,0.10185541,0.17326625,0.101462975,0.1142752,0.062000617,0.06658405,0.102964446,0.13537163,0.08886975,0.16598025,0.10375317,0.08037118,0.106558144,0.0780064,0.07582093,0.08920556,0.116752826,0.10374741,0.08933978,0.061502736,0.056594394,0.09869768,0.086916246,0.10850482,0.13766156,0.057802044,0.061015904,0.09275445,0.07109814,0.16784865,0.10995354,0.12110512,0.09824315,0.13952093,0.06185762,0.14958766,0.055895768,0.06174005,0.1098468,0.050367687,0.053755064,0.1076949,0.05124972,0.04833244,0.09450553,0.18915227,0.15491574,0.0876095,0.06476628,0.09120638,0.08341335,0.11114636,0.053547043,0.05752019,0.06647247,0.1455949,0.075037315,0.14575152,0.12947741,0.09236972,0.14849967,0.12629205,0.29431462,0.11680104,0.12879449,0.048760913
0.14176461,0.07041961,0.07505426,0.15938719,0.13318561,0.086167865,0.073923334,0.09925228,0.11324326,0.11796903,0.10153884,0.22914243,0.115387835,0.08609895,0.0731214,0.09069979,0.07441183,0.07431044,0.20162764,0.096170485,0.089022785,0.10274207,0.07726851,0.07107639,0.05789323,0.062216446,0.057656635,0.10596081,0.08013475,0.08601234,0.07295643,0.082962796,0.065299496,0.07093082,0.06848217,0.108956754,0.064484835,0.06643707,0.110081755,0.12701598,0.11219851,0.118895136,0.10840756,0.08831009,0.11024418,0.10899182,0.10661597,0.15182717,0.10356867,0.09636464,0.12606049,0.122122355,0.101533666,0.0971156,0.10949287,0.1263361,0.10612487,0.10009144,0.09059195,0.094873026,0.11791655,0.14850749,0.11445632,0.06481676,0.046648227,0.07548476,0.091956794,0.06320147,0.093893245,0.11480202,0.19828966,0.12804258,0.100750305,0.1156468,0.062206388,0.046022665,0.07185791,0.05608878,0.06476286,0.037930664,0.06467903,0.058560215,0.113045804,0.11934591,0.12358957,0.06272765,0.07704883,0.13981123,0.14188983,0.09019499,0.077352256,0.090753816,0.080569796,0.07053697,0.08513618,0.17339869,0.112631775,0.085568614,0.09088917,0.115295514,0.16159913,0.104595736,0.13221687,0.050975688
0.13354659,0.06289036,0.034280337,0.0065774755,0.122531146,0.09834456,0.08189752,0.09412621,0.16047919,0.15342607,0.25523686,0.25067118,0.117172725,0.1258789,0.08994071,0.077619776,0.17176424,0.19311914,0.20552169,0.2542465,0.33660534,0.21230532,0.267408,0.1761202,0.08437541,0.09251852,0.07895182,0.1855321,0.11377328,0.2540056,0.16507204,0.3680245,0.14234264,0.1658209,0.0999667,0.24578792,0.14404473,0.10261445,0.13936079,0.0947979,0.107554935,0.23170571,0.1598794,0.122416936,0.12428883,0.09336426,0.19088541,0.15618649,0.10973377,0.13656655,0.15519698,0.12292185,0.19425012,0.12579396,0.18580218,0.14700161,0.20712432,0.2369261,0.28666404,0.15532227,0.10395052,0.12982348,0.13326526,0.48790956,0.063434064,0.2087466,0.21073624,0.1895077,0.23030573,0.34613246,0.39150286,0.47885108,0.2234502,0.59870344,0.60084015,0.053518355,0.09960752,0.12688413,0.03709158,0.2511045,0.24393967,0.5974531,0.31359762,0.09140982,0.08972186,0.088146865,0.073529914,0.08625999,0.0668725,0.11943394,0.14575344,0.17549509,0.09893884,0.06688559,0.12071657,0.18766916,0.17214364,0.2045389,0.3167693,0.23901485,0.30929258,0.23742303,0.37115693,0.65113616
0.09671714,0.07911828,0.061845157,0.0706579,0.11720103,0.112109184,0.22464275,0.07590557,0.101376064,0.1212293,0.17276426,0.12041052,0.0870988,0.2023172,0.117271915,0.11611653,0.09374504,0.14367437,0.14759924,0.31461647,0.11303885,0.11903877,0.09674992,0.10606949,0.078138225,0.08768058,0.079786025,0.07507068,0.15481196,0.18141624,0.066350736,0.061404526,0.08298729,0.101904735,0.07360958,0.057121027,0.10922993,0.1999742,0.06994623,0.094622,0.090326235,0.10248024,0.13313842,0.13105957,0.088339135,0.09575329,0.10426086,0.077819124,0.17989983,0.1720121,0.11044445,0.13366283,0.13076518,0.13180918,0.09406385,0.21613346,0.116469756,0.10236158,0.097336344,0.25656462,0.2850022,0.13104208,0.10504449,0.09867248,0.057738498,0.24494435,0.18040484,0.107988946,0.3082183,0.3798964,0.21475801,0.114299044,0.15915574,0.085697144,0.07451071,0.05654035,0.10263806,0.058527716,0.085281946,0.060903836,0.13969688,0.090485185,0.07407458,0.071840495,0.074711666,0.07128775,0.090759404,0.09623787,0.08550655,0.0686449,0.084393784,0.087897114,0.096547194,0.09112332,0.10641759,0.076595,0.07693965,0.0877678,0.16514204,0.108527325,0.12752205,0.23354413,0.11375737,0.06790814
0.078571364,0.076163925,0.0962945,0.107266136,0.10729355,0.07861711,0.10114532,0.14279355,0.13898349,0.12683536,0.15904677,0.15941806,0.11715381,0.10482009,0.11963652,0.12340964,0.14138384,0.14509238,0.18213698,0.2071481,0.18198745,0.21746558,0.17024507,0.09037946,0.14192332,0.092373915,0.09146896,0.12189843,0.19152966,0.13797405,0.14093028,0.21813144,0.12377947,0.13240963,0.1749288,0.14266312,0.08139691,0.11931553,0.1686041,0.11151446,0.14156842,0.08792482,0.1124322,0.17783539,0.2104873,0.13626511,0.24048509,0.25294873,0.13986506,0.15973413,0.1315234,0.22932814,0.21500379,0.25322488,0.17827395,0.20454508,0.27611756,0.24899255,0.29220033,0.2205877,0.21552646,0.21427463,0.1486755,0.11557847,0.11567619,0.14753026,0.20576341,0.17955881,0.18714565,0.2878253,0.29004627,0.23674378,0.26286164,0.23574263,0.12200595,0.0767038,0.08425183,0.07962013,0.06979973,0.082171604,0.16859853,0.24357362,0.31060883,0.11315213,0.1484492,0.1649241,0.15622956,0.12267115,0.11368579,0.10489619,0.22884952,0.15085055,0.14675204,0.14405386,0.15053321,0.20542839,0.13855423,0.12366497,0.12653281,0.126432,0.1648149,0.1846274,0.14729427,0.16293345
0.09199133,0.0718712,0.04757094,0.09148933,0.14724441,0.11548767,0.1006843,0.13081427,0.23170619,0.17340772,0.28801343,0.23657309,0.080217086,0.14788437,0.11545921,0.096054465,0.11478449,0.162755,0.18084614,0.20807536,0.091090955,0.27271414,0.10336583,0.14924946,0.14274995,0.110969946,0.14124648,0.18609612,0.22637238,0.25141263,0.14606191,0.16630915,0.1695302,0.17722434,0.1485172,0.14023086,0.14091206,0.1082823,0.14159858,0.18954672,0.19365422,0.12355526,0.13925058,0.17997515,0.22291669,0.16565765,0.19889311,0.23505987,0.15788949,0.18017459,0.20036413,0.34425822,0.3063167,0.24810536,0.25050688,0.25728637,0.35397375,0.31206784,0.35280523,0.2979885,0.23348051,0.2945988,0.14383556,0.1932695,0.14161849,0.1195194,0.11414089,0.14991024,0.12933928,0.23227976,0.31762543,0.33566627,0.34178784,0.15824996,0.25130725,0.105958685,0.10880453,0.13478607,0.06013838,0.1562114,0.24384731,0.30974823,0.15208308,0.105498366,0.08736791,0.12038319,0.15024742,0.18320556,0.2088948,0.100192435,0.24940902,0.16919847,0.16079134,0.14786015,0.19136564,0.29949567,0.19344161,0.10726073,0.12661192,0.07721249,0.123944424,0.12482612,0.064571284,0.26724243
0.07453221,0.08264913,0.07996804,0.10270775,0.1681117,0.13436294,0.14296515,0.15398118,0.23958004,0.15353209,0.3095432,0.15447941,0.08950634,0.1360974,0.10275672,0.100150235,0.14016181,0.1724373,0.13960946,0.16143695,0.099139996,0.22445624,0.11693703,0.19389719,0.13248122,0.14569567,0.122039616,0.18729296,0.2459115,0.27752268,0.119012915,0.20503932,0.18686515,0.21643037,0.1576001,0.16266482,0.1700638,0.19862796,0.15480343,0.21534325,0.18234614,0.19835289,0.18606444,0.15097252,0.14224416,0.15980646,0.20536613,0.24901663,0.12715319,0.17013691,0.1675384,0.2637307,0.24534725,0.15074204,0.28818858,0.30494776,0.31270072,0.26292208,0.2724623,0.3265434,0.2206312,0.19874726,0.13931966,0.19034302,0.15206864,0.13236527,0.11567956,0.16421033,0.13273114,0.17482051,0.29413673,0.2605625,0.30723897,0.1501265,0.19030394,0.13777964,0.16438349,0.10853818,0.09013125,0.24016151,0.3329405,0.2925505,0.18208897,0.2029625,0.20277016,0.16389671,0.14546333,0.20710382,0.22935818,0.16127661,0.292756,0.20625047,0.17115313,0.17849796,0.22636142,0.22495663,0.3099804,0.13737063,0.13571,0.09021045,0.114939645,0.12104506,0.0726316,0.26158017
0.07274877,0.12208389,0.091692396,0.13581954,0.11706794,0.070395865,0.11989742,0.12724504,0.14384258,0.118444495,0.122072905,0.10383134,0.09118786,0.083221935,0.09111849,0.09321367,0.11639305,0.12314201,0.11363434,0.102418005,0.11671027,0.13827927,0.1260827,0.10995769,0.12568653,0.075750455,0.0730472,0.09607045,0.12302216,0.15644874,0.08186947,0.118158765,0.08550953,0.12340906,0.1216609,0.104059786,0.0875639,0.12417919,0.10589185,0.11571481,0.15214355,0.10176825,0.11984049,0.13606212,0.10187907,0.116651975,0.124587394,0.12581745,0.12531799,0.13047376,0.15502384,0.16977687,0.1608654,0.12588795,0.15063286,0.19234028,0.15069549,0.123038106,0.11270653,0.14017835,0.16106828,0.14954822,0.1402432,0.13483384,0.12657782,0.15250735,0.14710245,0.14094329,0.1763221,0.15951316,0.1716843,0.1847441,0.1830082,0.17882621,0.06751725,0.09901512,0.073005065,0.10363856,0.06909513,0.072308525,0.10837981,0.17690182,0.1318009,0.113689564,0.1280794,0.115423,0.14363702,0.15746906,0.17563961,0.1400793,0.12525867,0.1431059,0.1290862,0.12607993,0.13329864,0.13104755,0.12157478,0.1408288,0.13830589,0.14891595,0.1115701,0.15829907,0.14482936,0.06600026
0.10866295,0.06937577,0.079460695,0.07482306,0.07556426,0.12620616,0.08521322,0.11911107,0.09007767,0.12553675,0.10682077,0.100509346,0.1300544,0.08325957,0.079731844,0.1016267,0.1286517,0.11951464,0.1055348,0.103060514,0.13908283,0.0879453,0.13788332,0.09204317,0.06776552,0.07313626,0.05010299,0.050176762,0.103807874,0.09997766,0.09256358,0.121783026,0.06942671,0.063951194,0.089063786,0.091624044,0.0823089,0.059696157,0.06298722,0.07052916,0.088699125,0.10873385,0.08139165,0.094637126,0.077858895,0.09409162,0.08779257,0.06646938,0.10824468,0.1323857,0.082047924,0.07480931,0.08042756,0.0798316,0.09098155,0.09685118,0.07633237,0.06498499,0.055186275,0.07547781,0.07417807,0.09603202,0.110168554,0.07491569,0.0610082,0.07279824,0.10475128,0.08249675,0.12074628,0.084664285,0.084243916,0.09735347,0.0732668,0.11606746,0.0757929,0.08233927,0.0791119,0.0814404,0.094329484,0.09622593,0.109640285,0.09554817,0.07823493,0.064577594,0.080529846,0.09544382,0.0745069,0.09945482,0.07876707,0.08543,0.08359585,0.077620015,0.068293124,0.09120251,0.059905723,0.07112812,0.081887595,0.080255374,0.08270266,0.092356354,0.075521156,0.08782094,0.12105705,0.089340605
0.13223001,0.084199555,0.10861146,0.112121865,0.12255867,0.11627186,0.09118907,0.13178483,0.13271168,0.12537108,0.11316097,0.13977247,0.108657464,0.11915821,0.08468009,0.12749521,0.17054637,0.1578783,0.13276583,0.16171378,0.18069775,0.14538983,0.22762002,0.1461853,0.08651686,0.11178821,0.09325414,0.08618774,0.119956456,0.10124783,0.1040774,0.113933854,0.10103841,0.10076159,0.12564878,0.14705035,0.15092877,0.08985267,0.09648541,0.12170098,0.10917814,0.16006891,0.13101223,0.12889092,0.111273214,0.1302063,0.14055787,0.093133144,0.13113678,0.14936836,0.15592414,0.13742545,0.14338501,0.122139506,0.15488695,0.1789845,0.14439805,0.11984274,0.11601811,0.12519155,0.13552682,0.10500228,0.13710612,0.18465199,0.08439418,0.106757,0.14004011,0.13161209,0.15205672,0.10657734,0.15615296,0.15330206,0.14338148,0.17312653,0.23252557,0.11051296,0.1496085,0.1185658,0.12214861,0.18028565,0.22969848,0.077405706,0.11112386,0.08561187,0.081747256,0.121097274,0.09450517,0.0792762,0.094261594,0.19850296,0.13955389,0.10850099,0.08753111,0.11660135,0.10423949,0.1129299,0.15044774,0.09800442,0.14373627,0.11511317,0.122578055,0.12818505,0.14488226,0.2524969
0.09014561,0.08249454,0.08594856,0.0718191,0.08591473,0.09215531,0.106958866,0.106110655,0.12777817,0.08507542,0.11067368,0.106062755,0.10661985,0.08680597,0.081237115,0.075869545,0.10207492,0.121198244,0.10838505,0.109587334,0.124165446,0.09070948,0.11858469,0.106665626,0.08201406,0.07422515,0.07187587,0.06663173,0.098452434,0.11184516,0.073812164,0.09088958,0.07589812,0.07826639,0.09908235,0.088757835,0.09574987,0.11241015,0.0750881,0.085972965,0.09495816,0.08904069,0.081341706,0.095157236,0.08115802,0.08436391,0.0876,0.07902951,0.08955349,0.114276454,0.083922565,0.0919529,0.09266871,0.0773154,0.07960074,0.08981887,0.09829491,0.088015,0.09441701,0.1233879,0.10675465,0.10676317,0.081574194,0.08846229,0.06841542,0.07711993,0.09484401,0.101686426,0.097665414,0.09266998,0.07977854,0.09398657,0.075868726,0.09611222,0.08688807,0.09075427,0.110341996,0.0816339,0.05553764,0.067072876,0.08579106,0.098709084,0.07813783,0.06959076,0.08470604,0.06621914,0.075510025,0.13208951,0.100220025,0.09847635,0.093026064,0.076423496,0.08192142,0.07799986,0.08751125,0.087385066,0.06494005,0.065514244,0.079871975,0.090232596,0.08117855,0.08778245,0.099838614,0.083965644
0.23734899,0.123459704,0.04646094,0.09195672,0.13949703,0.12679471,0.121969625,0.11552567,0.18502027,0.14781073,0.18436171,0.15545513,0.12870874,0.16763303,0.22230834,0.12087011,0.12218796,0.14953977,0.13423938,0.18107967,0.11866096,0.1734193,0.14250515,0.104109265,0.18035157,0.11987646,0.122068346,0.13654763,0.16984048,0.15379216,0.07784874,0.12146351,0.16092426,0.15637441,0.1644151,0.14042607,0.12387473,0.06157984,0.059008736,0.107494086,0.07834981,0.14285842,0.15842772,0.15928581,0.1252135,0.096406154,0.17172794,0.17590927,0.12722932,0.16259478,0.1606177,0.19925515,0.16744995,0.124774,0.15407924,0.17555699,0.22213286,0.21534325,0.23667045,0.17350794,0.14581122,0.14925131,0.113554746,0.1804851,0.18579273,0.14997594,0.12630452,0.12675034,0.14128047,0.19924612,0.2244491,0.17118552,0.1839806,0.14547631,0.22630991,0.08084046,0.12695996,0.15918694,0.06815443,0.14439632,0.18975744,0.27904442,0.0998169,0.07754145,0.07153361,0.097563595,0.12569122,0.17132552,0.16881362,0.09409127,0.16036862,0.16947982,0.1791231,0.1271706,0.14985418,0.13437101,0.14414541,0.12180123,0.15213245,0.11656555,0.09501234,0.12595205,0.0963754,0.25109854
0.17317796,0.05113927,0.05003694,0.07396895,0.10921446,0.15030694,0.08339898,0.1020442,0.20024611,0.22372185,0.3562175,0.32960227,0.11184306,0.07270722,0.07425759,0.09282406,0.08690021,0.20159285,0.23105593,0.2590592,0.32720608,0.21091565,0.26308918,0.11337413,0.096846804,0.09479254,0.046806995,0.059857022,0.21135247,0.2987154,0.22779284,0.31366274,0.1141967,0.14506254,0.16385108,0.20270738,0.09678531,0.0730716,0.09674224,0.078634076,0.14097211,0.13670585,0.14495149,0.1817358,0.22252196,0.15116219,0.304004,0.25544804,0.2203479,0.28835115,0.239831,0.28729662,0.2921897,0.23636332,0.11093659,0.16804147,0.31926996,0.3634011,0.57183456,0.20770466,0.18830001,0.19937387,0.14115593,0.112065546,0.06247366,0.1320602,0.22850457,0.27145642,0.26114863,0.3593194,0.36041975,0.44027096,0.3085833,0.44853592,0.12501074,0.05567416,0.08048865,0.062218826,0.02700279,0.12991364,0.089475825,0.19288817,0.14400609,0.06834567,0.09642258,0.11273001,0.06239566,0.1602557,0.19665752,0.074012384,0.22763178,0.23944823,0.1298822,0.09779744,0.18245062,0.2347569,0.20997101,0.23050833,0.190875,0.24138956,0.32625556,0.1796826,0.32237077,0.14374974
0.21092126,0.118627355,0.07410733,0.115681335,0.086296216,0.085846245,0.06531526,0.12917136,0.1437868,0.16873626,0.23746628,0.30836844,0.10766992,0.10950011,0.1449635,0.1780022,0.053596362,0.08243099,0.14890975,0.23662412,0.20735177,0.48388234,0.16167685,0.158165,0.032390047,0.039668944,0.07703792,0.105290696,0.10889608,0.25050426,0.14323395,0.09200423,0.17123432,0.13375755,0.09959876,0.111310415,0.14140613,0.1597619,0.07119026,0.079494335,0.17565852,0.3316035,0.19916904,0.14490323,0.22201234,0.240274,0.40269,0.23576681,0.23959258,0.3355252,0.20520121,0.31113958,0.27117366,0.34349224,0.2984347,0.26326558,0.31523898,0.2340022,0.1718488,0.21816184,0.1784888,0.25812316,0.15686132,0.1919276,0.056586783,0.30589354,0.12352931,0.13379574,0.21386181,0.36205003,0.3745864,0.3863197,0.42312506,0.5808916,0.16775139,0.040754534,0.09429344,0.12280424,0.065599464,0.07686646,0.2878732,0.3301089,0.20422567,0.10139464,0.13316748,0.12909529,0.14373708,0.11594583,0.11892586,0.20461042,0.47303122,0.33734578,0.14557059,0.2527377,0.21970192,0.14793149,0.26939026,0.1682396,0.41894892,0.11264908,0.14106926,0.24749008,0.2872256,0.16948195
0.12828946,0.06691848,0.009932814,0.008601377,0.10846634,0.124188654,0.106029116,0.09486435,0.18129207,0.16230923,0.26038814,0.22609426,0.19618332,0.20373629,0.15920445,0.10140082,0.19752592,0.17669652,0.13549474,0.447975,0.35197943,0.20052333,0.27257666,0.33077854,0.113777645,0.09210209,0.16241294,0.34290704,0.19302607,0.5188859,0.28218743,0.6121301,0.2973877,0.40779397,0.17415433,0.34129792,0.2972541,0.15894097,0.13979898,0.07919466,0.1389379,0.22954427,0.21714662,0.171847,0.1196367,0.09037093,0.20380567,0.16974394,0.1593999,0.17643578,0.1763417,0.14567906,0.29749814,0.1106816,0.13202219,0.22508131,0.33077276,0.32371297,0.37711608,0.27878058,0.18078713,0.16458839,0.17720112,0.76804477,0.08876412,0.20673814,0.29971635,0.20643853,0.4152879,0.40793845,0.5195971,0.52521974,0.16269597,0.4822417,0.7921032,0.06309712,0.1250065,0.09809033,0.039144404,0.2598687,0.27785406,0.801904,0.55446625,0.078933194,0.08972518,0.12127731,0.085043944,0.20141004,0.13749385,0.20182621,0.16534518,0.13892347,0.1008213,0.087259255,0.18103468,0.25817496,0.28732297,0.19573714,0.27853975,0.24644959,0.20149553,0.40652004,0.32036474,0.7345834
0.19988969,0.109708734,0.1596111,0.12029594,0.07745499,0.1209527,0.051535226,0.09931299,0.11658291,0.09818439,0.28544492,0.28019455,0.22648244,0.15294196,0.14192434,0.14910929,0.14083655,0.29142144,0.16988346,0.2766919,0.26092234,0.36559388,0.2725897,0.18256786,0.13617492,0.073161475,0.0585381,0.10573742,0.11193125,0.39271012,0.11693397,0.19002116,0.18042772,0.22046542,0.122172624,0.1674444,0.16049534,0.078351654,0.044240773,0.03147675,0.06764714,0.12502019,0.17329605,0.22660583,0.2775782,0.15008067,0.30997127,0.23433577,0.15387192,0.2730487,0.17145951,0.27221438,0.38293216,0.22132677,0.26603922,0.27576548,0.33226174,0.3234713,0.3648921,0.19395018,0.100085095,0.11040442,0.114070065,0.47427326,0.20185637,0.18140557,0.21843529,0.37681815,0.14057592,0.44458923,0.55441827,0.46104315,0.30577794,0.4924167,0.52747494,0.06390298,0.12808643,0.09306563,0.023679445,0.26409197,0.2467662,0.5700916,0.24015582,0.0354679,0.06958733,0.14829215,0.08032483,0.18254116,0.12414241,0.08963316,0.15245053,0.12179261,0.13382919,0.06387482,0.23335879,0.16718301,0.111079305,0.26120046,0.19733933,0.26601636,0.21478303,0.2816452,0.1923823,0.4168438
0.050524734,0.119922824,0.07008401,0.06853774,0.09411028,0.050426777,0.1533505,0.05540651,0.12362296,0.16916268,0.17099947,0.18556687,0.02029296,0.042114113,0.08891846,0.12483491,0.027675778,0.073291115,0.08127183,0.1303754,0.04840052,0.06695993,0.038924694,0.07495164,0.072936416,0.048696592,0.072889425,0.095965385,0.066024825,0.124097265,0.13099806,0.02120049,0.12594499,0.16714042,0.077456385,0.013339822,0.11400856,0.08341134,0.06533461,0.097034305,0.039867256,0.012967687,0.038210515,0.10543221,0.1170954,0.13770327,0.067220405,0.062396888,0.032221265,0.0145045,0.011591894,0.02613216,0.12677772,0.21792714,0.10638695,0.06253041,0.033091135,0.031102192,0.10376171,0.22032478,0.2127999,0.14260097,0.04032338,0.12558071,0.05408264,0.08418226,0.083706185,0.07043148,0.13304065,0.1899034,0.20575728,0.111861646,0.09184126,0.049349602,0.11327273,0.036307648,0.13470182,0.07320828,0.04850526,0.052857753,0.030811083,0.034600686,0.061838448,0.13960955,0.057315607,0.051971756,0.081481084,0.21912895,0.23450282,0.019564053,0.012944957,0.063172415,0.16942596,0.11802193,0.16140619,0.19693403,0.026041556,0.09734495,0.10247255,0.08729726,0.10197032,0.11760419,0.06335727,0.103771105
0.05946689,0.08851118,0.10559055,0.05171774,0.06417157,0.066178866,0.081490636,0.05288668,0.16631277,0.10850542,0.11132176,0.06504128,0.023566993,0.08680392,0.11562002,0.10869207,0.06346762,0.1010724,0.086133935,0.18650404,0.124292545,0.13855936,0.085012086,0.028479222,0.070610344,0.07753367,0.07471859,0.10497883,0.07098564,0.107802235,0.12654181,0.07613745,0.15849441,0.17547342,0.084770255,0.023853004,0.027110666,0.048525922,0.054388408,0.06141299,0.042797424,0.0084912665,0.06831874,0.17127073,0.16777973,0.1655393,0.09831559,0.064077415,0.080818996,0.04529731,0.031076532,0.06864334,0.1301341,0.16636604,0.10043812,0.06986953,0.0686774,0.05305473,0.10339176,0.1246807,0.1678152,0.14176391,0.030275559,0.037067514,0.066784844,0.07091413,0.09849391,0.133052,0.16312037,0.19161907,0.19406632,0.20165293,0.13459854,0.07462629,0.030150456,0.056446236,0.17134516,0.13542771,0.05842396,0.07184491,0.04231704,0.09497101,0.08583257,0.12940212,0.07936051,0.115997165,0.15310831,0.14433806,0.18063316,0.09179815,0.08678265,0.13499463,0.16675626,0.16660333,0.15343021,0.2173351,0.030927882,0.13371606,0.11048717,0.15324861,0.13145211,0.22186038,0.04958421,0.024976943
0.079125546,0.107662804,0.12844999,0.10635395,0.092567556,0.11436935,0.10925312,0.11547119,0.15576605,0.11948363,0.16981956,0.16806096,0.11581856,0.12952372,0.10570107,0.13305426,0.1542216,0.09389196,0.076487325,0.098732546,0.14572772,0.13825981,0.15665086,0.067908734,0.085353136,0.08598247,0.08742178,0.11232365,0.076088436,0.09439381,0.1305669,0.0712752,0.10782615,0.11899958,0.119618386,0.08122659,0.06770582,0.08344358,0.10078981,0.08422592,0.0965338,0.08756607,0.09902882,0.14144015,0.14937109,0.11191187,0.11385493,0.08785958,0.11081689,0.11815428,0.11563576,0.095967636,0.14846335,0.14168489,0.09402801,0.09298163,0.08818079,0.08325602,0.075027466,0.118280426,0.18314512,0.08257191,0.10706359,0.055327464,0.06545413,0.081432864,0.08002029,0.08594681,0.13137993,0.14346224,0.13462539,0.17884228,0.12081447,0.21079358,0.052384928,0.05853384,0.11484898,0.091573335,0.09055702,0.05868211,0.12422528,0.11532139,0.11871608,0.13707933,0.15293455,0.11062496,0.09630327,0.16375105,0.16423835,0.17084149,0.12671155,0.099922135,0.09243304,0.11395391,0.10184542,0.11283781,0.1128568,0.10164382,0.086334534,0.10022343,0.079962686,0.10113372,0.08958936,0.051817022
0.07072022,0.12812455,0.17124939,0.09365283,0.09325276,0.20254536,0.14742473,0.28712752,0.13810223,0.18096694,0.13781962,0.1273383,0.21664211,0.19090632,0.16536863,0.16735633,0.4446881,0.1657109,0.15128797,0.18635204,0.35770854,0.1371183,0.2577089,0.10522842,0.13281232,0.17160094,0.16563334,0.18302621,0.19865495,0.17337283,0.12900946,0.21123995,0.20536882,0.15712109,0.20087962,0.29363835,0.102183685,0.13177808,0.13846041,0.092492744,0.09062513,0.17470047,0.18683334,0.2744467,0.13375446,0.1364396,0.14753842,0.11712512,0.28325516,0.2969544,0.21531236,0.19684334,0.2059932,0.17956376,0.19476968,0.22907266,0.13756867,0.14658482,0.14767523,0.26271966,0.19034904,0.21932526,0.24782668,0.09424775,0.10890969,0.14990954,0.17647414,0.13417265,0.2108167,0.13833755,0.18261126,0.2714485,0.21758208,0.33343643,0.10470094,0.10469678,0.21201886,0.2091217,0.20797023,0.108801566,0.23504859,0.14230882,0.109829366,0.12446285,0.113892086,0.15037003,0.16460784,0.23298647,0.23992443,0.28408176,0.13105464,0.12521175,0.13871351,0.17779782,0.18267636,0.18517014,0.22049813,0.11866483,0.12756363,0.17129533,0.12209098,0.15864915,0.16442145,0.08681029
0.14202744,0.1639621,0.16980189,0.14764196,0.18816692,0.16606335,0.18533789,0.18957923,0.15816271,0.15083213,0.16626197,0.19190262,0.14301023,0.13981728,0.14051907,0.16453157,0.13366379,0.15667298,0.1671937,0.20352267,0.17487545,0.18720347,0.18240252,0.16141699,0.156623,0.13381703,0.091467455,0.08171296,0.10470021,0.10587116,0.12255154,0.16321185,0.110583134,0.137257,0.22919884,0.19880745,0.15086348,0.23851955,0.17295961,0.24374558,0.20487507,0.17384651,0.13917212,0.21938802,0.2397846,0.16148342,0.14730665,0.19995445,0.19987172,0.19659738,0.19755928,0.1922794,0.1908934,0.17931351,0.08715278,0.12605757,0.1555883,0.14563668,0.12574151,0.14449175,0.13851318,0.16371281,0.1278298,0.13667905,0.1449353,0.16818213,0.13740502,0.146007,0.2568094,0.257847,0.30107632,0.20760255,0.25600463,0.19416127,0.16024649,0.103180006,0.12337747,0.11375427,0.07186359,0.0625218,0.13530326,0.22411254,0.15727815,0.16257563,0.15474749,0.13341992,0.122324884,0.18720827,0.20182186,0.22890265,0.18860175,0.15886343,0.13145131,0.17421058,0.13558264,0.21972829,0.21490282,0.16198732,0.11355137,0.14470449,0.17292537,0.20776731,0.2054024,0.11320609
0.07335504,0.048490684,0.09655448,0.055987455,0.21390846,0.06758365,0.15380535,0.1295014,0.31597453,0.24539429,0.33315903,0.24613096,0.09237361,0.09307189,0.11861854,0.11513283,0.09670601,0.109320164,0.15541036,0.12984326,0.1161136,0.18153253,0.11297497,0.05640952,0.12794413,0.11096478,0.118760034,0.1692286,0.18904921,0.1458157,0.11851739,0.14702877,0.19506267,0.24110176,0.224349,0.15392867,0.03986827,0.062410254,0.09688204,0.18727025,0.15313555,0.07073687,0.041795194,0.11341155,0.20617098,0.16162945,0.20877516,0.31455246,0.11896241,0.14983355,0.13475218,0.15775664,0.14659297,0.12786229,0.15503204,0.18742737,0.22851855,0.21660131,0.24803513,0.20628719,0.14291632,0.13893968,0.10256621,0.050596494,0.13194028,0.074567586,0.11066267,0.12893628,0.26821244,0.232915,0.30267328,0.27327725,0.22801688,0.1925502,0.11031285,0.06349806,0.06808956,0.088747025,0.031501267,0.044757754,0.13226005,0.13033266,0.061829597,0.13047579,0.14229262,0.118030556,0.19447051,0.18370914,0.19346821,0.09928145,0.14887138,0.23270951,0.27575523,0.22127603,0.25432515,0.25087515,0.18593895,0.111231826,0.06437147,0.123403706,0.13840704,0.15665464,0.10265964,0.12528053
0.14995985,0.09571201,0.07938325,0.10940612,0.1315441,0.12449068,0.116453595,0.14953947,0.24230891,0.3188288,0.36063215,0.33549094,0.22190422,0.15499634,0.26791364,0.22290018,0.21590056,0.17478034,0.18112719,0.23208944,0.15698804,0.21402377,0.17807676,0.12617832,0.18309234,0.13085988,0.1423591,0.2838882,0.3389852,0.20169872,0.11074096,0.15928385,0.20639168,0.19048885,0.21554893,0.18876968,0.1069795,0.10382521,0.13803916,0.10587655,0.10376867,0.13951339,0.13060324,0.23012458,0.328167,0.24192616,0.2383662,0.3161521,0.23749687,0.2220008,0.19938976,0.17930979,0.27187884,0.16981092,0.21659328,0.20262028,0.21475367,0.1843197,0.21682133,0.2461845,0.16111982,0.23504418,0.13023981,0.14261793,0.14470083,0.13268049,0.2132821,0.22112797,0.18271926,0.25885916,0.45532835,0.41990402,0.22967821,0.23867302,0.18274246,0.09648052,0.07823201,0.12253848,0.051553696,0.04955474,0.07443224,0.23233493,0.115343705,0.07511629,0.07848145,0.11916263,0.2272043,0.1268471,0.14375137,0.13467845,0.20176172,0.2847624,0.41479284,0.25229326,0.35231063,0.22329155,0.23463024,0.1274687,0.21169868,0.21079953,0.1819517,0.24264151,0.13775854,0.20407753
0.07944111,0.048025284,0.06276519,0.07255658,0.14793117,0.05181719,0.08441291,0.07776102,0.11650986,0.08509972,0.13974701,0.20462218,0.07359565,0.07556822,0.08092474,0.07962839,0.072530665,0.07889614,0.081439994,0.10316643,0.07621706,0.10106413,0.058603406,0.06157264,0.06519191,0.052335773,0.065464586,0.08241532,0.089276366,0.14255452,0.07269468,0.06384459,0.12087048,0.12049683,0.12669674,0.072578944,0.05343093,0.08436854,0.120980844,0.11455638,0.096677855,0.061747797,0.07294708,0.13869697,0.12462279,0.11345854,0.082134545,0.10716643,0.08601432,0.07904316,0.06270239,0.07583922,0.13649125,0.060379747,0.059172735,0.083417155,0.11955619,0.12077222,0.09752782,0.13359731,0.101003975,0.063478865,0.053571578,0.075582415,0.047904287,0.063547365,0.054009955,0.07427007,0.08003697,0.08593588,0.2060299,0.15145905,0.14984427,0.09655178,0.070729524,0.049892973,0.12500556,0.0485592,0.03272248,0.03782701,0.05354233,0.09078689,0.1412832,0.10464995,0.11888011,0.0550883,0.07022751,0.11415306,0.118440785,0.090474285,0.0640014,0.10753568,0.17005439,0.0973788,0.15527946,0.13788883,0.096643,0.06105009,0.06867377,0.07411166,0.08263888,0.08445541,0.06678614,0.08733226
0.09677466,0.058894895,0.052343346,0.07406058,0.0880672,0.03889924,0.10218208,0.071307495,0.11395285,0.09541914,0.14141996,0.091556124,0.045874346,0.08932905,0.08461476,0.07338346,0.03213169,0.09461586,0.11104834,0.12961543,0.049585503,0.1032238,0.03730234,0.039511167,0.0674845,0.07061785,0.06980431,0.08220587,0.059272185,0.11396009,0.11433643,0.06303113,0.10269335,0.09313489,0.07710993,0.044453718,0.03669131,0.0841081,0.089386545,0.08145615,0.090824164,0.061496556,0.09660511,0.12836406,0.12563212,0.12632914,0.1114503,0.08200111,0.09458033,0.0827476,0.0633377,0.099988125,0.11509129,0.13906771,0.10476433,0.08576692,0.10573291,0.10175392,0.08970485,0.12462649,0.14398432,0.07711786,0.07017453,0.039728444,0.06309383,0.07442007,0.072564505,0.08169476,0.089217916,0.104198255,0.09445733,0.08378559,0.13158193,0.06137374,0.04483029,0.066787295,0.17854859,0.09070215,0.07137116,0.095227696,0.16465631,0.124468654,0.16762675,0.06487143,0.07264564,0.108254194,0.100087315,0.20604405,0.14438249,0.10090078,0.08010022,0.08651929,0.07620435,0.09196198,0.0891805,0.09551138,0.055668704,0.08354253,0.088362925,0.08211158,0.09482945,0.10316157,0.061566204,0.0559387
0.10054101,0.0712234,0.083202906,0.065442,0.10348487,0.085219145,0.111330405,0.11843981,0.1522647,0.179701,0.15425566,0.12137932,0.10232265,0.094210215,0.088447034,0.123467855,0.14528048,0.119787835,0.115678735,0.13143438,0.15047422,0.19057223,0.16154054,0.11395443,0.07466313,0.0570764,0.10733602,0.10583421,0.118301846,0.08255054,0.103764035,0.12497608,0.09538009,0.0821086,0.12845135,0.1185457,0.11338337,0.11205121,0.10741931,0.13888453,0.083059296,0.09667803,0.11148076,0.14347622,0.11765178,0.098588325,0.07544321,0.06433632,0.09568685,0.114032164,0.12362354,0.15294184,0.15346284,0.11934002,0.102734156,0.14493942,0.14518704,0.15232027,0.09699158,0.12843353,0.11788089,0.10066924,0.1364576,0.1152917,0.058377516,0.08056848,0.07790935,0.079055004,0.13613023,0.13014531,0.14336646,0.15989156,0.23665133,0.15670688,0.13009681,0.08618545,0.094013244,0.1461281,0.12612987,0.09849152,0.12945825,0.15549536,0.09953917,0.09361756,0.06513215,0.09114805,0.13679045,0.19198655,0.17166933,0.16693953,0.119561,0.12886685,0.112274155,0.17403448,0.13121083,0.14277373,0.16243847,0.07784645,0.07570056,0.0963,0.07971295,0.11318442,0.115776785,0.13923645
0.12459673,0.08958846,0.09097524,0.07546979,0.09184175,0.083529495,0.083083935,0.08062859,0.08737188,0.1080581,0.08592608,0.10394379,0.06706497,0.08357807,0.07713848,0.1001709,0.009426106,0.07597635,0.095863774,0.10129151,0.012728078,0.07867327,0.005605514,0.022096766,0.10560284,0.09084726,0.097963795,0.10227506,0.11728239,0.09294265,0.080573246,0.109093174,0.09849074,0.100648426,0.10123157,0.048099384,0.026204167,0.094456166,0.099842094,0.09015422,0.11249243,0.11840743,0.0912754,0.09042376,0.10221904,0.093055,0.10024343,0.088270046,0.12233701,0.118552946,0.05235129,0.0866703,0.08726353,0.108089335,0.102293946,0.1441,0.089160755,0.089628875,0.09166784,0.11499311,0.07106493,0.08101686,0.024260622,0.004245045,0.09045345,0.084141135,0.08970092,0.07210162,0.11522249,0.07775468,0.099058025,0.11839921,0.09289507,0.018782923,0.0043611866,0.08177884,0.119677424,0.08994194,0.10754172,0.09992337,0.1289657,0.0930038,0.08952408,0.08912837,0.09569046,0.10010346,0.094774544,0.10289316,0.11508073,0.20906943,0.059723157,0.10439786,0.0961987,0.12146171,0.08008224,0.13670447,0.04198686,0.0899505,0.08668844,0.07740155,0.088580646,0.09131082,0.02950172,0.005523282
0.17150508,0.08217544,0.07602351,0.08942518,0.07798344,0.10548429,0.09835921,0.11592149,0.08874617,0.11582584,0.097190864,0.10728384,0.118757784,0.09707995,0.078970425,0.105145246,0.106342494,0.10559256,0.10269717,0.109980635,0.12233238,0.08714797,0.11357673,0.065619975,0.08336067,0.07509352,0.075314045,0.07673833,0.123579316,0.08307138,0.08412725,0.08316665,0.0729947,0.08718617,0.10905674,0.09999334,0.0676925,0.070153825,0.0833412,0.07801626,0.070626184,0.10149418,0.080014795,0.1286924,0.11743569,0.12622435,0.094782084,0.090146415,0.10837875,0.10405918,0.10426105,0.08947492,0.1075689,0.0858287,0.07809817,0.09886899,0.095715344,0.07419523,0.09370521,0.10949825,0.09670324,0.09574364,0.111361645,0.08522554,0.07592274,0.07447755,0.13364722,0.092450984,0.118795045,0.09926529,0.11253447,0.13350582,0.08407059,0.13555026,0.10591499,0.08846387,0.13386603,0.09375377,0.16242802,0.13335611,0.23525812,0.10192583,0.07975665,0.058524054,0.057774115,0.09846051,0.0796729,0.13022953,0.100781046,0.21750836,0.098168105,0.07938059,0.07986958,0.08680144,0.081142314,0.101243146,0.09837408,0.06739004,0.06591566,0.08655091,0.08476139,0.08585962,0.096525244,0.07988556
0.10370468,0.056570582,0.0457068,0.055288777,0.05520824,0.062300444,0.05630228,0.07220852,0.048586972,0.06871715,0.05770062,0.07782456,0.06278032,0.067777365,0.05776768,0.07458752,0.08939328,0.05856938,0.059051506,0.10396821,0.07458124,0.059187632,0.10662772,0.079308346,0.047457054,0.057552163,0.045226626,0.040589478,0.04821993,0.055943433,0.056572575,0.048862975,0.048657395,0.062372316,0.054359596,0.056752175,0.077516004,0.048198767,0.061068337,0.04819675,0.0481183,0.06055915,0.060829412,0.07757509,0.057748027,0.06728057,0.057002403,0.058979586,0.06596367,0.062101755,0.0504458,0.05338833,0.051978365,0.03981743,0.04058043,0.050082482,0.049694456,0.051835667,0.04688004,0.05053191,0.0354653,0.04236631,0.06372468,0.075040706,0.04128361,0.0492103,0.06652307,0.0542636,0.072443254,0.05035221,0.06948732,0.06500297,0.050325405,0.07245913,0.08191448,0.04665058,0.1177429,0.0384488,0.05266794,0.036502995,0.048212413,0.052094962,0.050346967,0.036289524,0.042304814,0.050213244,0.04511807,0.065923765,0.06276889,0.05460234,0.04590409,0.057384204,0.051170178,0.058668565,0.048650198,0.07208738,0.05965999,0.03939987,0.048980866,0.06307123,0.0475571,0.07490604,0.07270654,0.09058019
0.09595549,0.059359036,0.05060941,0.06897391,0.057914373,0.061368477,0.044331003,0.061984513,0.05873094,0.06760048,0.054989994,0.05938941,0.05935845,0.05311657,0.060230132,0.09325005,0.07802258,0.059907123,0.07038021,0.08180987,0.060882885,0.057544477,0.05695098,0.059457235,0.056467805,0.06367805,0.060610466,0.052845027,0.057853494,0.07298569,0.051987786,0.040459875,0.074464165,0.09612501,0.04954322,0.051781934,0.06687128,0.055637036,0.061273918,0.04548517,0.048482705,0.04701737,0.042194076,0.059020013,0.0707278,0.07851854,0.058253407,0.042787854,0.04857892,0.05670186,0.057413116,0.047441788,0.06718151,0.065520674,0.046070382,0.05150787,0.05183353,0.059165765,0.047003116,0.06431291,0.0547509,0.041569483,0.059857044,0.08466821,0.05855877,0.049614616,0.06345276,0.05377013,0.066444285,0.057813134,0.046454243,0.05698858,0.06538486,0.057463475,0.10950541,0.0728081,0.12135958,0.06250093,0.07483998,0.06347946,0.058432233,0.054500923,0.07055231,0.0433979,0.0492259,0.049885582,0.05820998,0.06887483,0.07027459,0.058259152,0.046402268,0.057911046,0.04640767,0.05335672,0.05051361,0.06300698,0.05229634,0.05319948,0.055775892,0.058651343,0.077619046,0.061184414,0.0664351,0.11431908
0.11566872,0.09304535,0.059590735,0.072229855,0.04498051,0.051817596,0.05778462,0.07777758,0.05424469,0.06901564,0.07981674,0.0702452,0.06964452,0.08040611,0.06269262,0.060247615,0.06386909,0.066758685,0.0793988,0.08219458,0.07372659,0.049366128,0.07190442,0.082122505,0.079421654,0.06660335,0.06584432,0.059577126,0.089417964,0.067166544,0.06861392,0.051460132,0.057589374,0.07760133,0.071674235,0.0699065,0.089382745,0.07326543,0.07141433,0.048605204,0.04995371,0.06837427,0.0624762,0.08931651,0.06443019,0.07483548,0.061442256,0.0543994,0.058238626,0.06935089,0.07324886,0.059469398,0.0605091,0.058100145,0.05757458,0.069907404,0.062228598,0.0579868,0.04570744,0.055634554,0.04658907,0.06238095,0.057477627,0.091467135,0.07472284,0.055159003,0.06582298,0.053298716,0.08382418,0.060383383,0.068124235,0.07282222,0.06260491,0.07144554,0.098572485,0.06888724,0.099042505,0.07307252,0.082317986,0.060797628,0.07581312,0.07021656,0.07551877,0.038717262,0.035536375,0.050846227,0.05645245,0.07764016,0.0748101,0.07649418,0.050995316,0.06427392,0.05942834,0.060631566,0.060830634,0.05208627,0.055734575,0.04581365,0.050534863,0.054302234,0.06756113,0.063565806,0.07217463,0.09521174
0.12558481,0.07892551,0.07457914,0.08813785,0.055308662,0.06727926,0.056747224,0.07300006,0.06273933,0.066942796,0.06803534,0.06665924,0.056723263,0.06598409,0.06650722,0.056449678,0.05740713,0.085557796,0.082997665,0.07946595,0.05198588,0.066566214,0.03633478,0.018414764,0.07247557,0.08796806,0.06190375,0.0592237,0.07524722,0.06867284,0.06974534,0.054736137,0.0683888,0.06849473,0.07355544,0.06281616,0.023756398,0.06152495,0.07715209,0.06727732,0.08465078,0.08718737,0.06590247,0.08920898,0.08135192,0.082349,0.10233054,0.06778983,0.092724346,0.09893008,0.08183794,0.062192023,0.08616694,0.07879505,0.07280262,0.075072266,0.06953324,0.06486651,0.064216234,0.06730512,0.053069197,0.05177701,0.06896778,0.016385244,0.068591915,0.07228534,0.07812735,0.072711594,0.0777474,0.06599385,0.06836095,0.068842426,0.082695626,0.079069406,0.015185758,0.07533751,0.1506993,0.06560308,0.06157073,0.06097603,0.07205092,0.082312346,0.08138834,0.04007126,0.042091098,0.072290026,0.06429924,0.084422536,0.071730874,0.06601196,0.058062904,0.054176345,0.06104532,0.048346695,0.061904676,0.07640546,0.057433013,0.06617059,0.060147274,0.06281015,0.07454509,0.05755803,0.07422452,0.031695567
