0.078652464,0.10594087,0.11228565,0.102601774,0.10776289,0.097011715,0.10814667,0.080600604,0.098393984,0.10053022,0.11975674,0.11598069,0.11396719,0.117303535,0.11241296,0.09870673,0.12401482,0.11195523,0.11750424,0.12215492,0.09586448,0.105583034,0.09941778,0.107344665,0.098039396,0.09928979,0.10889006,0.15203458,0.15231732,0.1275886,0.10600821,0.106115066,0.11793126,0.10548724,0.10285758,0.10694242,0.12599444,0.089587174,0.113030024,0.08732332,0.1305571,0.11301348,0.11349663,0.13681377,0.11283262,0.12649608,0.10230931,0.11100699,0.1271975,0.113938615,0.11474634,0.134899,0.13195845,0.117616214,0.11400887,0.12986985,0.13106373,0.1234508,0.11368618,0.12842357,0.13060664,0.11171233,0.11991476,0.12193358,0.15087964,0.09302654,0.11275416,0.13023426,0.14945343,0.15591973,0.13725518,0.12341802,0.14041859,0.100934885,0.14652072,0.14443837,0.12093832,0.121409796,0.13444471,0.13368891,0.12027944,0.12687862,0.11959576,0.10891329,0.13600959,0.1368357,0.10491009,0.10782705,0.11427612,0.13235876,0.13853207,0.122446395,0.11600799,0.10438522,0.1438187,0.14005916,0.13538003,0.121664934,0.11578409,0.110008925,0.10884854,0.10671674,0.12327646,0.110176675,0.1234487,0.15221637,0.1125527,0.15946913,0.10948671,0.117575586,0.11839332,0.11001376,0.1197021,0.11371242,0.120018244,0.13030446,0.15091108,0.16987184,0.12476705,0.12475284,0.10798933,0.13029598,0.16588455,0.18092991,0.16499631,0.15875055,0.13592748,0.16366369,0.1422091,0.1213175,0.116870135,0.11334908,0.12156749,0.1335631,0.11235534,0.09984187,0.1029407,0.124796644,0.12571774,0.10342789,0.0987891,0.12936714,0.12601781,0.12782975,0.11805809,0.13044132,0.1761457,0.16882429,0.14704424,0.11325315,0.12147401,0.09370789,0.14643306,0.11153126,0.0969333,0.13316885,0.11913072,0.13839889,0.12026205,0.09573682
0.12083381,0.16100664,0.15715012,0.11680465,0.13723564,0.13305289,0.17711554,0.08571945,0.10655971,0.0964374,0.1351811,0.15338938,0.13296494,0.1714809,0.13763791,0.14031683,0.14927594,0.12722191,0.16687642,0.14250608,0.13755375,0.12919176,0.14615306,0.13927709,0.14254339,0.102339245,0.13971454,0.21465787,0.17048298,0.18292522,0.15454891,0.12365989,0.30792663,0.13426289,0.18283768,0.11700574,0.14615783,0.33550218,0.14546174,0.105198264,0.10447079,0.11299263,0.108006954,0.10635325,0.14072633,0.22268242,0.3169484,0.15994285,0.2004574,0.16613305,0.19159263,0.15622994,0.154619,0.1497066,0.18795516,0.2036923,0.1725558,0.20690186,0.14538124,0.12987615,0.12329041,0.13774648,0.12927799,0.14763206,0.16791409,0.10476412,0.113195986,0.116823845,0.13251822,0.106473535,0.104117796,0.1784708,0.15378301,0.16425818,0.16643931,0.15191594,0.18878716,0.20099083,0.11683985,0.11127628,0.13517769,0.13101949,0.16338333,0.11586087,0.1106071,0.11808817,0.1465451,0.11299716,0.116977386,0.14162757,0.13966548,0.13340662,0.15544376,0.10125431,0.12372302,0.08613456,0.116080105,0.13175204,0.12094841,0.118623145,0.12170192,0.11101851,0.118813485,0.1288936,0.12771277,0.13901308,0.1414572,0.13353083,0.1309325,0.14382288,0.12660398,0.3379636,0.13601589,0.098578416,0.106071815,0.14041787,0.28140974,0.115633,0.10723537,0.13666151,0.11966867,0.12630282,0.14705509,0.12691559,0.14436914,0.13209943,0.17678231,0.16826504,0.15828934,0.15283327,0.18112905,0.1755525,0.15116173,0.17351161,0.2131881,0.12929139,0.12600754,0.13779399,0.18501139,0.19549465,0.18923178,0.23277617,0.16053815,0.14943743,0.15256566,0.12236684,0.13474202,0.119325384,0.11848178,0.14602624,0.11238817,0.12672551,0.29420385,0.17497024,0.12154989,0.15920494,0.128272,0.15493038,0.14372905,0.11069195
0.09617914,0.12326423,0.1387486,0.12626947,0.13894783,0.11020486,0.15963809,0.09048893,0.107557595,0.101035796,0.11657625,0.10090753,0.1099247,0.18512978,0.09861448,0.11380461,0.09867475,0.10138417,0.11165289,0.13986087,0.10163244,0.117723234,0.10714462,0.10712968,0.10090267,0.12154167,0.10475724,0.13462123,0.11629168,0.12677842,0.120697714,0.0993802,0.22545321,0.1072677,0.11156985,0.10190166,0.1350492,0.14024435,0.12421163,0.0952314,0.11878075,0.112791,0.11715139,0.13107571,0.14590219,0.14285763,0.17864092,0.09703149,0.10457426,0.11022215,0.12578855,0.13496049,0.17672525,0.13092943,0.15960649,0.17746302,0.14255464,0.15477616,0.12759,0.12686332,0.11718759,0.12211984,0.12816234,0.1415433,0.15909114,0.11338027,0.13274387,0.12587914,0.14015545,0.09947016,0.09166637,0.12986822,0.11072083,0.111786015,0.11608459,0.12409253,0.10563305,0.12527384,0.09861768,0.08347547,0.08747891,0.11379383,0.10860383,0.097531594,0.096947655,0.10604444,0.1105767,0.09969546,0.09729996,0.11609583,0.11519576,0.11101371,0.13577563,0.09746648,0.119284414,0.110883795,0.1496987,0.16734344,0.14523748,0.14140593,0.1078675,0.11331348,0.1454158,0.17544499,0.16260514,0.14138547,0.13567986,0.15924914,0.108812116,0.14184281,0.15294798,0.16559787,0.13114919,0.14575613,0.14305055,0.14690821,0.17500295,0.12233511,0.15266183,0.141354,0.12898427,0.11061352,0.113685265,0.12195209,0.1459863,0.13767454,0.105801865,0.13016255,0.12466866,0.11003327,0.10857239,0.10453345,0.11480315,0.11003145,0.10559727,0.10699291,0.086560465,0.12002681,0.10471021,0.12810166,0.097300544,0.13953096,0.13195083,0.14201984,0.11918938,0.11809509,0.11135408,0.12055687,0.11548327,0.11079512,0.11612756,0.095820226,0.1750958,0.1370203,0.093504444,0.13178177,0.12135831,0.14925192,0.12257115,0.09963902
0.10748472,0.10818612,0.11312403,0.103617184,0.10746481,0.09901217,0.13149351,0.08585372,0.08967867,0.08100687,0.15181509,0.13870531,0.1350582,0.1521871,0.11069397,0.122567974,0.124527305,0.11042384,0.1331176,0.12283267,0.116321556,0.10694871,0.10784474,0.12382336,0.106893435,0.112311125,0.122709475,0.13214938,0.12330097,0.12518308,0.11043675,0.11083962,0.18430866,0.09104619,0.10660891,0.103601515,0.11585796,0.16854842,0.10384356,0.09209181,0.118648164,0.11602688,0.10544346,0.101828255,0.1692901,0.21607153,0.20244989,0.1281207,0.17328139,0.1085957,0.17439729,0.1628046,0.14824347,0.13766852,0.11277959,0.113997065,0.13374102,0.13060476,0.118348286,0.18342704,0.12121707,0.12216828,0.11879189,0.15172489,0.17613599,0.092062496,0.106987774,0.09576139,0.1045612,0.12252135,0.09942803,0.11332195,0.12805073,0.112086244,0.19327693,0.21727893,0.15980166,0.20210789,0.12059991,0.10395361,0.119061716,0.1209634,0.1256724,0.12505692,0.13009432,0.12190693,0.14172685,0.13131332,0.11637774,0.19185044,0.22839461,0.116768636,0.15014839,0.09033399,0.10626606,0.10167866,0.11029468,0.10552763,0.09731715,0.09761482,0.10914075,0.12697072,0.1116796,0.13199846,0.11568726,0.18029629,0.1158142,0.14386864,0.09765481,0.13797839,0.1136763,0.14231282,0.11928588,0.084864736,0.096191876,0.122181915,0.13251553,0.12110134,0.11367159,0.14152731,0.105130404,0.083717674,0.122025706,0.14485584,0.14155947,0.14975509,0.14336032,0.12928641,0.14796963,0.13278748,0.11978612,0.12203214,0.16603836,0.13166274,0.15752357,0.12219506,0.10788688,0.122558735,0.16461955,0.117550835,0.10852676,0.12957412,0.108296916,0.14146902,0.119418494,0.1252074,0.16399786,0.14135335,0.14034371,0.120790645,0.10058436,0.11673249,0.18808496,0.10357186,0.10772049,0.11828856,0.11556842,0.10715998,0.102593064,0.09155474
0.22334012,0.25198,0.13926576,0.16213518,0.14713804,0.1698819,0.23397845,0.13199098,0.16031887,0.21469206,0.265591,0.22663449,0.17895684,0.28668344,0.18515202,0.21874477,0.20519744,0.19678321,0.2319426,0.24462701,0.17334053,0.20642658,0.19504374,0.18458673,0.2651656,0.23705259,0.25424892,0.20769382,0.20722115,0.234777,0.17072634,0.16203487,0.364326,0.18361542,0.21614924,0.21146753,0.18494947,0.17126557,0.18974258,0.19653326,0.18836509,0.2304634,0.1719028,0.23706377,0.27160683,0.2704601,0.30471617,0.17645185,0.2412618,0.19011837,0.28524837,0.22509247,0.20919722,0.21383215,0.20969667,0.18537714,0.20116487,0.22782788,0.21802732,0.2151073,0.19433184,0.17409499,0.17190075,0.1884458,0.2055999,0.1547576,0.17396975,0.19458546,0.15800484,0.19641158,0.14260541,0.18015836,0.20574328,0.16597757,0.21085936,0.21683303,0.22880216,0.28345305,0.2075318,0.17893481,0.1854658,0.17808302,0.2642264,0.23501433,0.20592226,0.18833579,0.1820577,0.16952601,0.1795598,0.20777388,0.21062136,0.18700626,0.1929712,0.13367042,0.15785097,0.16213821,0.2020493,0.20090763,0.19790833,0.18970108,0.17515236,0.15099032,0.18822435,0.18856567,0.20574236,0.2498285,0.1754011,0.2424694,0.16060463,0.21357407,0.22962484,0.3029467,0.18316767,0.15559542,0.174647,0.29921576,0.32199714,0.22250642,0.17295279,0.26300412,0.13940768,0.17207839,0.2212556,0.25372267,0.2274494,0.23262577,0.26542637,0.21208115,0.23684554,0.25296068,0.2457817,0.20902279,0.2567806,0.26151377,0.28181484,0.23493865,0.22111675,0.24180852,0.36334646,0.28573453,0.21479326,0.25929257,0.17133091,0.17251204,0.22845447,0.16425042,0.16321458,0.1982538,0.2373772,0.2352834,0.24971148,0.23560916,0.28297248,0.34950298,0.24053518,0.23101781,0.2378067,0.18251175,0.24190737,0.18146263
0.15432751,0.07846954,0.115963966,0.078651614,0.09736758,0.14298904,0.20212926,0.10403587,0.10285995,0.1775471,0.18191181,0.23474094,0.15611207,0.19056985,0.15030119,0.14460227,0.13063805,0.15092339,0.21422008,0.22933412,0.1402497,0.1494731,0.13075075,0.15999226,0.35017318,0.17233627,0.19958977,0.18860438,0.18632017,0.24966902,0.17768095,0.14748776,0.20777072,0.1412266,0.23697935,0.21264718,0.1826424,0.16901574,0.18130636,0.16917983,0.12920974,0.134519,0.10440432,0.14318818,0.23204376,0.22975326,0.2372464,0.17838544,0.20627156,0.16078623,0.2874068,0.22006696,0.20308751,0.21687065,0.19355392,0.14127757,0.12560649,0.2562141,0.3009659,0.18645313,0.1476119,0.1648114,0.1593158,0.15055707,0.17728056,0.12783797,0.22027212,0.20880334,0.19731234,0.1536855,0.1196616,0.15579367,0.17227298,0.12323513,0.13848995,0.15162472,0.19434279,0.29628053,0.21069464,0.15136494,0.13044798,0.14954737,0.3074333,0.29384592,0.17515317,0.16796336,0.16052514,0.16820337,0.17850484,0.15109664,0.12912282,0.13334702,0.14878431,0.1251595,0.17625925,0.11462619,0.13721222,0.112169355,0.1276396,0.11734308,0.10287287,0.11566913,0.16498308,0.13603832,0.12048304,0.15244257,0.13015477,0.18677963,0.12702143,0.1925237,0.23094094,0.16252908,0.15041143,0.10996385,0.14372845,0.24102783,0.24308255,0.12701726,0.107258305,0.24744044,0.10759533,0.09911449,0.19880469,0.528618,0.56206274,0.3752242,0.5784297,0.2608783,0.30114666,0.25887588,0.28287858,0.34288383,0.5288182,0.47146487,0.25963283,0.26394808,0.14736402,0.20778991,0.6473554,0.61743265,0.44029072,0.3368632,0.14829479,0.15185428,0.37666783,0.16492903,0.15120062,0.33118287,0.3488031,0.211037,0.1880403,0.2480339,0.7236145,0.68427867,0.2930631,0.4032032,0.16558625,0.16802317,0.21779218,0.18157
0.12024722,0.099269375,0.1771279,0.10988828,0.12400739,0.18619633,0.29434735,0.14020574,0.14273837,0.11986769,0.20194991,0.19394244,0.18561092,0.16361472,0.18283872,0.18827301,0.17221147,0.15353186,0.1762384,0.23930834,0.17995997,0.16367061,0.15741535,0.16488421,0.17991604,0.1640449,0.18155357,0.260731,0.24506794,0.2042527,0.24603358,0.1976912,0.17690012,0.2066562,0.23623034,0.20807718,0.25175458,0.20978267,0.23399529,0.13133533,0.13536088,0.18041134,0.15667672,0.16371405,0.18728709,0.15876874,0.1378087,0.17955263,0.16574545,0.18536267,0.19140393,0.254453,0.21782383,0.20353286,0.27626824,0.20453042,0.18433496,0.209337,0.1862861,0.26513615,0.20209922,0.19377458,0.21948206,0.23470405,0.2240809,0.13978499,0.13589434,0.17362644,0.20455912,0.24896592,0.18501888,0.18718861,0.19142008,0.17541656,0.19821788,0.1720531,0.25582576,0.22968705,0.4031912,0.33659565,0.25268698,0.2388089,0.26717007,0.2195182,0.3675351,0.24046123,0.18988504,0.2163,0.23756042,0.26594475,0.21405968,0.15530379,0.16327626,0.15731664,0.16950113,0.15435159,0.16865219,0.17501146,0.1893252,0.18767409,0.12775531,0.13508733,0.14703666,0.19163808,0.20935448,0.15451372,0.15844274,0.16735993,0.14094543,0.16250068,0.24468908,0.16414629,0.2059949,0.1236931,0.11256353,0.13859273,0.16594055,0.17646158,0.14258663,0.15174375,0.14085999,0.11742407,0.11940575,0.15891747,0.17678235,0.30855364,0.3398916,0.17009103,0.38905588,0.24314822,0.15847611,0.19390666,0.41981778,0.28382385,0.30761546,0.2069016,0.20468853,0.15555795,0.19918042,0.20689386,0.25690112,0.20319939,0.1404303,0.14503022,0.126993,0.104676776,0.12628801,0.1460489,0.18884413,0.21590456,0.15694147,0.15788473,0.6195328,0.23845509,0.14719379,0.23971798,0.203393,0.1423505,0.21918093,0.12001351
0.15235893,0.22943714,0.11463054,0.14109299,0.13228483,0.11722379,0.13555945,0.12405564,0.1158955,0.16185752,0.15380193,0.14149965,0.14443073,0.14160621,0.1474467,0.18061092,0.16963463,0.12575114,0.16814624,0.1912318,0.14798608,0.13399799,0.16856818,0.16762006,0.18870255,0.16963056,0.14863986,0.14690396,0.19093214,0.19787097,0.1466022,0.14634089,0.36735475,0.16038959,0.17474468,0.19001448,0.15564945,0.23192908,0.17000826,0.14962359,0.09895566,0.20673303,0.15123415,0.22906394,0.115499966,0.19359186,0.35950077,0.14670841,0.14044534,0.13202287,0.17884354,0.16765973,0.14321584,0.15452994,0.15011562,0.17830192,0.17378384,0.16899283,0.15819097,0.17550835,0.14262916,0.1357486,0.15071613,0.1540271,0.1909016,0.15551077,0.13597827,0.1436714,0.117176294,0.17344503,0.14214556,0.12989146,0.15402466,0.1498574,0.17443945,0.15664637,0.14506948,0.16505307,0.18550625,0.17821467,0.13213867,0.14030729,0.17824988,0.17186041,0.17062372,0.16489592,0.15362233,0.14233655,0.14193347,0.15822501,0.15319571,0.12071788,0.14632994,0.14641313,0.1566403,0.20304157,0.17458919,0.2410847,0.23064774,0.24965186,0.111943245,0.12356761,0.17056057,0.18193637,0.35649404,0.15544713,0.119007766,0.1342917,0.123908736,0.14482878,0.17970186,0.2453754,0.17745595,0.15220755,0.15659715,0.25020632,0.318031,0.151963,0.13353361,0.13561429,0.11449126,0.125186,0.16695696,0.1389806,0.12478287,0.12555186,0.14201742,0.17247212,0.1285738,0.111573644,0.13051882,0.14575252,0.13825265,0.1674259,0.21998003,0.18261041,0.1444327,0.22649586,0.5771977,0.25184423,0.47136968,0.2655896,0.23005313,0.18388776,0.13727622,0.12282194,0.119477354,0.13207424,0.12875979,0.14571203,0.13267803,0.1559428,0.31298393,0.21168348,0.15186666,0.1511298,0.1850828,0.15458626,0.23643345,0.11119885
0.11750078,0.12052432,0.12515232,0.114169404,0.1125838,0.13184884,0.18178552,0.12205264,0.09965638,0.085785374,0.13313633,0.12351074,0.15094335,0.18286383,0.15635474,0.12876411,0.13501872,0.13791825,0.11419606,0.12903276,0.11875238,0.15600204,0.13690859,0.12356292,0.14154665,0.11790056,0.14505178,0.14456113,0.14689991,0.14623116,0.11014441,0.14645389,0.13908696,0.14817426,0.14357778,0.12225616,0.1314915,0.13325642,0.14629573,0.10339683,0.08309328,0.15140627,0.12668262,0.12031241,0.12032976,0.118925974,0.1035881,0.083303116,0.099452354,0.12415473,0.13498913,0.122456424,0.14141083,0.12038582,0.15087394,0.13970554,0.12222822,0.15497233,0.12691432,0.12769724,0.14674568,0.1299629,0.12902777,0.12949006,0.1253332,0.09512628,0.091716476,0.08270907,0.120897375,0.10490473,0.11964654,0.110581934,0.0994471,0.10876683,0.11190024,0.13160522,0.12474699,0.13655896,0.14094967,0.11338733,0.10774917,0.15148884,0.14187346,0.14617686,0.102810174,0.09685485,0.11245993,0.10537718,0.0971075,0.122165814,0.1152988,0.12746324,0.10743594,0.09242992,0.11192561,0.08405807,0.109263115,0.11426414,0.11316508,0.12376047,0.12635285,0.106172055,0.0808111,0.13518634,0.13833125,0.15220416,0.12651724,0.16335782,0.11572828,0.10236151,0.12901251,0.132486,0.14596191,0.11181624,0.080235735,0.085959256,0.10662982,0.08464157,0.09235152,0.0931858,0.11541579,0.07994775,0.12028294,0.12441647,0.14113484,0.13103102,0.13381697,0.14322995,0.11341182,0.11899871,0.10266754,0.13130419,0.15798673,0.14841974,0.13149351,0.122722425,0.11172738,0.10541183,0.15749528,0.1340859,0.12187231,0.15264696,0.10610236,0.1174125,0.12392833,0.0970051,0.09662108,0.11050208,0.101522624,0.10664598,0.115499996,0.14116476,0.19598074,0.14380793,0.08343792,0.11736234,0.11198043,0.1204076,0.13345535,0.087725066
0.21639246,0.11706154,0.10585959,0.09805721,0.100772426,0.11507105,0.12880428,0.09769181,0.09665306,0.12577899,0.12728268,0.12241866,0.108720265,0.34795943,0.1052527,0.1065418,0.09579942,0.11699025,0.13373242,0.14388937,0.10297355,0.10379908,0.105907425,0.10454013,0.17203487,0.12591906,0.0980283,0.13376206,0.11200953,0.13278663,0.086109444,0.09740725,0.1421255,0.09473299,0.12075389,0.114846095,0.09775849,0.06912343,0.09542775,0.12668091,0.10741746,0.10890124,0.09838056,0.1081658,0.098719925,0.10858842,0.12899078,0.0835009,0.084041305,0.101914614,0.12888968,0.12122921,0.114180855,0.14937328,0.10097446,0.124807686,0.084265344,0.15426075,0.14165077,0.13382305,0.114804365,0.09400317,0.12059832,0.102374345,0.12923154,0.13484217,0.1531095,0.11093351,0.113738835,0.12793739,0.10808668,0.09788508,0.118820146,0.106643535,0.12460831,0.13061133,0.10282222,0.15768182,0.1364134,0.121977255,0.083328605,0.09984026,0.1409894,0.13476788,0.11010055,0.10278265,0.10456376,0.10223122,0.09844463,0.12673585,0.11841006,0.11669245,0.10975233,0.12602644,0.13086316,0.105318606,0.09903181,0.108453855,0.1140955,0.09526395,0.10760154,0.124079585,0.10032049,0.11323429,0.11741516,0.10164249,0.094496414,0.09983294,0.098148875,0.12285998,0.14133936,0.1531929,0.10443724,0.16818495,0.090532325,0.090942316,0.11739121,0.10199314,0.1138117,0.10254306,0.1413162,0.10265721,0.19768421,0.13034973,0.12706368,0.113751516,0.15662336,0.12358409,0.12486714,0.11273265,0.12983671,0.1300899,0.10700158,0.12769794,0.10838255,0.12365026,0.10904885,0.10041723,0.15592696,0.115691096,0.12117238,0.1475868,0.119131535,0.13966031,0.16224281,0.114572026,0.11663521,0.10144653,0.108083084,0.095445804,0.10681525,0.1580943,0.11959539,0.14526688,0.10755901,0.10401061,0.104759924,0.11667275,0.14102271,0.18251477
0.22655879,0.14510617,0.096667536,0.09880973,0.10498088,0.13401593,0.18171278,0.1142004,0.1193833,0.13460927,0.15279657,0.1317561,0.14203233,0.302001,0.1401066,0.1839522,0.1493951,0.12766698,0.3355593,0.24196658,0.11927297,0.12330002,0.14461027,0.14336541,0.26880243,0.1505198,0.10271149,0.1782314,0.15049183,0.2521923,0.17499635,0.13811064,0.23818517,0.1557222,0.27811784,0.35503942,0.1374372,0.14068846,0.11936247,0.22201784,0.16717169,0.13110816,0.10431907,0.15587685,0.14522831,0.15007721,0.15538628,0.122088954,0.11449711,0.12695877,0.19644484,0.18700574,0.17444026,0.38852426,0.17409015,0.17128469,0.13360031,0.29693085,0.33114663,0.17261109,0.15019332,0.16242346,0.12666589,0.14253743,0.15024072,0.16833475,0.17718105,0.13828054,0.13836893,0.13254556,0.10921428,0.10431729,0.18864654,0.10877157,0.16315772,0.13656329,0.13804212,0.2407733,0.21476497,0.16571729,0.13420181,0.16318235,0.3056242,0.44527617,0.13471422,0.15251026,0.16202416,0.10924272,0.10516714,0.17918703,0.16162191,0.12859428,0.12133898,0.15413223,0.16621584,0.116091736,0.12573715,0.11007313,0.13370524,0.1171268,0.120578796,0.09823664,0.16828075,0.14976792,0.1277297,0.13654354,0.118985094,0.14922191,0.114539675,0.24570756,0.20374748,0.16889812,0.14223006,0.22120734,0.09592751,0.099185616,0.11330143,0.109687865,0.10734112,0.101664685,0.10883621,0.08052332,0.1616809,0.14339225,0.12902342,0.12698159,0.27828133,0.25786155,0.15150853,0.13389203,0.22525313,0.33848622,0.12505749,0.16122279,0.10718014,0.1816117,0.11619511,0.13285503,0.1571844,0.11572064,0.120444804,0.15486613,0.12224404,0.09886323,0.15665628,0.15130095,0.14250952,0.123747796,0.12063385,0.101635374,0.14174621,0.40649018,0.15826453,0.18904544,0.2054115,0.14196138,0.13433132,0.120973974,0.17886242,0.1539118
0.08824509,0.101661384,0.108391896,0.09112428,0.09867311,0.112695925,0.09257077,0.09789975,0.09275649,0.086315826,0.1406253,0.14041823,0.15082255,0.123028725,0.1783844,0.18475218,0.14111368,0.13254362,0.2588227,0.23532586,0.12882236,0.15828148,0.12917085,0.1317243,0.26656887,0.09179726,0.110884964,0.24889804,0.15875365,0.19330233,0.1613335,0.11720565,0.093954876,0.14825146,0.19999097,0.13317496,0.16862778,0.105132915,0.1257717,0.14667799,0.14106014,0.16179132,0.11882096,0.11649378,0.14730683,0.12078836,0.06718423,0.10860268,0.12333258,0.13828206,0.15589201,0.19012995,0.20719443,0.21950355,0.17938298,0.19136944,0.17256789,0.1935294,0.1584568,0.15236692,0.18790217,0.15447527,0.12922563,0.15608467,0.16403717,0.10067321,0.09553254,0.10440182,0.1226693,0.15936172,0.1101673,0.14911912,0.16616587,0.1361951,0.13804193,0.15469325,0.16395395,0.19636542,0.23887095,0.18166329,0.17990594,0.2258232,0.14085071,0.1391777,0.12957233,0.15188098,0.17435277,0.116943866,0.12265862,0.19902624,0.1614441,0.15265802,0.14415054,0.0757251,0.16236036,0.13158017,0.13323542,0.12654577,0.12932995,0.13644768,0.1783985,0.12363704,0.11501355,0.15511823,0.13166028,0.16594765,0.12361574,0.18518388,0.12422432,0.17366926,0.19662322,0.12553312,0.16191313,0.10607657,0.05924014,0.10107728,0.053497832,0.09106831,0.102732286,0.11912154,0.09570339,0.07289849,0.15575257,0.19061498,0.14805827,0.14535536,0.29960197,0.24921,0.12820663,0.15883997,0.114796296,0.15768789,0.14148198,0.20736887,0.12229847,0.13666761,0.13938358,0.16606013,0.18367681,0.1513124,0.11069243,0.20787871,0.15297677,0.101861276,0.22455198,0.14310753,0.15395433,0.15771224,0.13067147,0.10601347,0.1359718,0.12728319,0.18654262,0.1190102,0.1170021,0.1374462,0.115998305,0.12541096,0.17961721,0.08284559
0.15016186,0.12927009,0.11106616,0.09916246,0.13065057,0.106184155,0.20768443,0.09929628,0.12945664,0.11115208,0.17427309,0.16716313,0.11737311,0.26015687,0.12103936,0.15128939,0.13787007,0.11247006,0.16463082,0.1700506,0.1186759,0.13326204,0.12735483,0.13830046,0.19155651,0.16110054,0.15501101,0.14270869,0.13077226,0.14882399,0.11628172,0.10743652,0.27790043,0.11010407,0.12788457,0.12375254,0.11987522,0.1063207,0.120123535,0.1606842,0.13425393,0.1226407,0.10472526,0.13543406,0.141719,0.17061508,0.24476959,0.09255935,0.1263821,0.096673004,0.17858353,0.13006693,0.15401891,0.14065295,0.13196316,0.13001923,0.11368203,0.1584651,0.12562759,0.13404846,0.12616497,0.11971768,0.13531311,0.14394419,0.16383228,0.14831896,0.12167882,0.112606056,0.15590926,0.13140114,0.11102347,0.100235395,0.14200689,0.100024834,0.1430011,0.12455834,0.13079096,0.18691036,0.13708386,0.12749673,0.1258799,0.12940031,0.14972283,0.11936965,0.12188461,0.1259043,0.1169033,0.10730247,0.116127424,0.12869853,0.1385776,0.09780134,0.12536202,0.13583797,0.15198849,0.10589138,0.11580241,0.11809055,0.11845924,0.12986161,0.1082981,0.11198477,0.16127472,0.11967317,0.1347813,0.1523368,0.117110774,0.13242602,0.08568293,0.13488512,0.14695124,0.1924562,0.12022228,0.1560141,0.12552735,0.15374294,0.18125759,0.12117216,0.11445212,0.14618917,0.13603511,0.12061938,0.12979813,0.120830685,0.12926489,0.1471446,0.21997423,0.12641264,0.15880787,0.15397742,0.18733017,0.15079618,0.15398404,0.15792641,0.13679527,0.14217378,0.111223996,0.12777933,0.17436343,0.1269367,0.12042848,0.15761188,0.119368166,0.14113946,0.17449374,0.12921226,0.10772873,0.107608914,0.1399772,0.11046147,0.13644178,0.14879963,0.15336792,0.22964185,0.14679912,0.13839443,0.16126579,0.1558827,0.21204816,0.18864912
0.14380369,0.24626401,0.16539572,0.12669194,0.22834228,0.1614392,0.27026975,0.12344398,0.12291489,0.14025727,0.14316058,0.12336564,0.13643393,0.26160827,0.12478491,0.13902041,0.15035412,0.12728934,0.15138927,0.123381495,0.13475889,0.1377076,0.1426712,0.1340123,0.17867659,0.13157682,0.1429684,0.19481009,0.17273524,0.16576467,0.16915412,0.14424509,0.6697902,0.1439787,0.18459053,0.125185,0.1429916,0.6974153,0.17243735,0.17124864,0.16672716,0.16893722,0.15315169,0.13947156,0.20953816,0.15046082,0.62687117,0.13335744,0.122978024,0.14203197,0.14363125,0.15388809,0.14289197,0.11901084,0.18137291,0.13151929,0.14455245,0.16970788,0.11833195,0.13932523,0.13682738,0.16520125,0.16312866,0.12674993,0.1645235,0.17639206,0.12702572,0.15601793,0.26233107,0.13862756,0.12774739,0.16096362,0.116850406,0.16486602,0.15402877,0.15799269,0.1594882,0.18077576,0.12855081,0.12477533,0.1436253,0.15945517,0.1985127,0.11419043,0.119673066,0.1383998,0.14191543,0.15022078,0.11939049,0.12352076,0.14407629,0.12756336,0.13909276,0.17466515,0.23552783,0.12170998,0.15401012,0.14413561,0.14103109,0.14467089,0.1272844,0.1354458,0.11216308,0.11867086,0.12434942,0.14784425,0.15744613,0.13393667,0.12985732,0.13610516,0.12681566,0.63065594,0.13823533,0.12685415,0.14379461,0.3007208,0.6165681,0.15695387,0.14334436,0.18223715,0.1543082,0.15080205,0.1462536,0.1469781,0.16630614,0.1591693,0.15113834,0.14807552,0.13951433,0.13308798,0.15496147,0.13980164,0.15258363,0.17665105,0.17116502,0.14794728,0.14407967,0.12730789,0.13167123,0.1936552,0.14218357,0.20209281,0.203713,0.17052318,0.1395998,0.12538742,0.14515759,0.14228824,0.14107329,0.13942783,0.12748672,0.15239789,0.22557913,0.12508903,0.13115658,0.1314304,0.14999932,0.12135405,0.15509275,0.135594
0.2077688,0.27736,0.14134754,0.21628565,0.18453053,0.17785348,0.65531987,0.12200842,0.14615683,0.20171258,0.3213134,0.25063282,0.15028988,0.45952967,0.14083536,0.20715445,0.18485877,0.12331088,0.18920296,0.17574927,0.14199279,0.16800496,0.16892718,0.17754255,0.2863759,0.12830146,0.1329896,0.15876105,0.25162575,0.31284514,0.13264349,0.11642002,0.7788381,0.13965538,0.30449262,0.1285474,0.15415686,0.47658843,0.15824537,0.19296928,0.18331166,0.22793007,0.14685416,0.13086183,0.15002751,0.28800195,0.7386687,0.15661484,0.13738276,0.10745088,0.1873962,0.13649237,0.122596145,0.12751655,0.15165968,0.12891427,0.14988384,0.18549019,0.10985249,0.22253206,0.1393188,0.14342862,0.12829262,0.12886071,0.15837093,0.14634077,0.11079439,0.13162093,0.13431123,0.16033112,0.13272125,0.111891694,0.15979023,0.15482523,0.19952418,0.18191035,0.1368421,0.21277007,0.19763485,0.16318133,0.16440389,0.23090564,0.23674886,0.10478475,0.15295033,0.16716532,0.1781477,0.15634613,0.14292884,0.13660681,0.21203409,0.10134247,0.16731976,0.111088976,0.1540359,0.14046507,0.21391357,0.18024048,0.16339259,0.15978023,0.117220275,0.12046188,0.11030001,0.16802706,0.16311002,0.16227274,0.12713625,0.14039421,0.09645178,0.13738221,0.16456264,0.47271898,0.1362385,0.108970165,0.13655253,0.4031914,0.61166966,0.21022855,0.14745073,0.27970418,0.16540347,0.20105098,0.33538225,0.32475796,0.3289547,0.48806527,0.32994825,0.18204746,0.3886559,0.25718328,0.21733767,0.16533792,0.36035442,0.26825964,0.49545622,0.29057965,0.2157517,0.38097566,0.49108335,0.6072223,0.6432495,0.49887547,0.41742566,0.4917807,0.15282881,0.1205426,0.27178472,0.19570883,0.39897943,0.3985652,0.2520872,0.2669495,0.6317218,0.44486004,0.16167152,0.1882881,0.3570295,0.13615952,0.24823235,0.15068652
0.15995966,0.18194163,0.1743861,0.15418695,0.15617831,0.19024946,0.21588674,0.12519266,0.122854464,0.13436757,0.20043361,0.18964761,0.17832969,0.24163981,0.16958863,0.16393176,0.20950237,0.1435679,0.1542955,0.17137486,0.18962336,0.1796719,0.15892364,0.18658575,0.14539373,0.14565307,0.15442832,0.25718278,0.2463321,0.25373927,0.20097217,0.16464733,0.38060787,0.17431833,0.2632667,0.16759475,0.20846255,0.4951895,0.21242106,0.13438526,0.13867657,0.14439754,0.13503638,0.13364823,0.14846075,0.18829475,0.3034173,0.135318,0.13942541,0.15490533,0.16351646,0.15753354,0.15378469,0.1463428,0.20960294,0.16003779,0.16611116,0.175209,0.1350436,0.14338534,0.14956178,0.17054659,0.15876067,0.13438934,0.16010763,0.13154685,0.12707578,0.1149764,0.12227351,0.13976645,0.11787313,0.1645356,0.1297374,0.17269838,0.14423187,0.15869272,0.2223553,0.20040084,0.13598509,0.12131712,0.13636321,0.15847553,0.1678005,0.13595666,0.11764137,0.13513239,0.1676289,0.17140503,0.13256888,0.14787711,0.15656266,0.1499259,0.17101103,0.12021136,0.11856582,0.113624625,0.12583499,0.15846674,0.14460818,0.13757116,0.16030303,0.14025924,0.12704836,0.1565018,0.1360678,0.16447556,0.15887612,0.19192685,0.14350824,0.16041702,0.18140554,0.4124296,0.17648727,0.1259766,0.13644862,0.15168771,0.19627556,0.13969897,0.13933645,0.13343434,0.1309987,0.12526602,0.151015,0.16167952,0.16070813,0.1853782,0.14305867,0.1329316,0.16838829,0.15941009,0.16125041,0.16686733,0.16836853,0.16314222,0.19300772,0.1618689,0.15659109,0.1630251,0.21295159,0.2187459,0.1889676,0.19466504,0.16320024,0.21457438,0.13417289,0.1270237,0.13804863,0.12848966,0.1348897,0.15577821,0.15587342,0.16602808,0.24152069,0.22230646,0.15886192,0.15139507,0.17227723,0.16162255,0.16815808,0.13782325
0.12985547,0.13415343,0.13422479,0.11674056,0.13268033,0.12131253,0.18755421,0.10643872,0.11978564,0.14171538,0.1455147,0.13502076,0.123506956,0.18276885,0.122592874,0.11694218,0.1178877,0.11350457,0.12613726,0.12703888,0.11240458,0.12245204,0.1053278,0.1102077,0.15178128,0.11535547,0.11925687,0.13148634,0.12352845,0.12669379,0.116411984,0.108706154,0.21603525,0.110213466,0.1237471,0.11463887,0.12586372,0.15445203,0.12597226,0.1536807,0.1319212,0.12540075,0.10856276,0.10981463,0.13209783,0.12814842,0.19881323,0.099710375,0.10338934,0.111355156,0.12038194,0.12509948,0.11237753,0.10165118,0.11629902,0.11766112,0.11190955,0.12834033,0.12066291,0.11995371,0.11048125,0.10843049,0.11528837,0.107147105,0.12825961,0.13183565,0.13632785,0.12004287,0.13998327,0.13527332,0.120371826,0.11440819,0.108474284,0.11357727,0.13090198,0.122831985,0.11668091,0.12369644,0.12476713,0.11090758,0.110280395,0.12201073,0.12024436,0.12081397,0.11530503,0.1138456,0.12401492,0.122598045,0.1092336,0.11466845,0.122896135,0.115499474,0.12509367,0.12419089,0.15174767,0.12595443,0.13353287,0.13494444,0.12422086,0.12760134,0.11722442,0.11012536,0.11591362,0.12192276,0.12955275,0.13259289,0.11611427,0.122783855,0.11419692,0.11025978,0.11452114,0.14723083,0.112222925,0.12347361,0.14101544,0.13404468,0.15100819,0.11914807,0.11191186,0.121489964,0.118557855,0.11932238,0.13261135,0.13333236,0.12988406,0.13717492,0.12970892,0.13322291,0.13123271,0.11989978,0.1190665,0.12229514,0.124854065,0.12940161,0.12234187,0.11727621,0.10668627,0.112846896,0.12359859,0.1310042,0.11689871,0.15430625,0.14034922,0.14299601,0.13971092,0.12775977,0.12380779,0.12104435,0.11661193,0.11203668,0.10472155,0.11302821,0.15707932,0.11911841,0.10301147,0.120279364,0.11569714,0.12443308,0.14337502,0.11892664
0.14448373,0.14757943,0.15451333,0.13411681,0.16709514,0.14048906,0.16224004,0.12119096,0.14020129,0.1472796,0.14765842,0.13752078,0.14496963,0.18440709,0.14495865,0.1410419,0.13233893,0.13354342,0.13173863,0.1579493,0.13650775,0.14365418,0.1331516,0.13757382,0.15379627,0.12728415,0.122380175,0.15250632,0.14816324,0.14340587,0.13070922,0.12520601,0.19209146,0.12566134,0.13754284,0.12430692,0.14265744,0.1511158,0.14813128,0.14744487,0.12765549,0.119741715,0.113965645,0.1205783,0.13505639,0.13890278,0.16090547,0.114713445,0.11458953,0.13534719,0.13952127,0.13764016,0.12906328,0.13029525,0.14690848,0.13003479,0.1343824,0.1251916,0.11341286,0.13184391,0.12927376,0.13142216,0.1396199,0.12021273,0.14822617,0.1315873,0.14904906,0.12317807,0.14672692,0.13660598,0.12121169,0.12897457,0.12521876,0.12781303,0.1339359,0.13317811,0.1346166,0.13319813,0.12571906,0.11227938,0.12867363,0.14599232,0.12850294,0.11688624,0.12718457,0.117857106,0.13157266,0.13281214,0.115973406,0.12120745,0.13086075,0.1341076,0.14654271,0.12895748,0.14734744,0.13076277,0.14831413,0.12453383,0.14220561,0.13379352,0.13484335,0.12446754,0.12606205,0.12960884,0.121776976,0.14095604,0.12395693,0.1261373,0.12876992,0.12357526,0.15501487,0.16741374,0.13899809,0.12850703,0.12966429,0.12876724,0.14813349,0.13460627,0.12448456,0.12925674,0.13100542,0.1161668,0.15800421,0.14055708,0.13372087,0.14575054,0.17298953,0.12394729,0.15423533,0.13898492,0.13020395,0.14497255,0.16127338,0.13644229,0.1290377,0.1409349,0.12421629,0.121314965,0.15825482,0.13673978,0.11475357,0.12350282,0.13593614,0.14760967,0.11265472,0.11677564,0.12596843,0.1210256,0.11699027,0.11384163,0.12632339,0.1193474,0.1598481,0.13806008,0.12046365,0.12165127,0.12404708,0.1293496,0.16021629,0.124584265
0.14922062,0.13472787,0.14052276,0.11797669,0.13310757,0.13129836,0.19645666,0.12029806,0.12559845,0.12192103,0.13144076,0.13089825,0.13622591,0.20939851,0.12540084,0.12604637,0.12810144,0.11502698,0.1287442,0.12297561,0.114149734,0.12225658,0.11412394,0.115661316,0.13327979,0.1138463,0.110121936,0.13168964,0.13685381,0.12804793,0.119939655,0.119100496,0.26228985,0.11433443,0.117028125,0.10838746,0.13590355,0.18817115,0.14218256,0.15239614,0.15637964,0.14231837,0.12205558,0.1170051,0.13989535,0.14000642,0.2607283,0.10553255,0.10381989,0.110266626,0.11301988,0.12070601,0.12506571,0.1034652,0.120047346,0.1127148,0.10701181,0.112174354,0.10245922,0.1191001,0.11328626,0.11753931,0.1145211,0.09923495,0.12667313,0.12876408,0.14294416,0.12309753,0.16885242,0.15223972,0.12598622,0.11274824,0.104002096,0.11499305,0.112997875,0.11528466,0.1151726,0.1122291,0.121534325,0.11073824,0.11377693,0.12349722,0.10977353,0.103559345,0.1170313,0.12483044,0.13338612,0.12901437,0.111525066,0.1169217,0.12841274,0.1258212,0.1332092,0.12342967,0.17669816,0.13157004,0.13493122,0.1402147,0.14162765,0.13515043,0.11823,0.112590246,0.11468075,0.12693371,0.12530705,0.13423853,0.11508538,0.12948337,0.11343087,0.11384398,0.11798969,0.18894288,0.11014729,0.124753736,0.13632712,0.1458892,0.17584221,0.12711352,0.11786105,0.12189258,0.11863146,0.11317673,0.13771743,0.13846035,0.14546941,0.15060343,0.14619465,0.1392347,0.119777076,0.11311574,0.11458235,0.10699591,0.1230076,0.13178246,0.13482921,0.12804149,0.11570847,0.13080199,0.14494184,0.14744096,0.11924345,0.14552169,0.14979862,0.15028149,0.12885152,0.11817397,0.123073906,0.11986401,0.1234866,0.11225947,0.10783026,0.113718085,0.15725312,0.123107046,0.10044955,0.11645377,0.12489723,0.13032493,0.14239602,0.11924148
0.14629073,0.14782119,0.14060234,0.113352805,0.13471529,0.14259784,0.17538449,0.12051721,0.12635277,0.1297411,0.13699648,0.12505701,0.13396096,0.17526759,0.12309394,0.10908253,0.10884331,0.12006452,0.12723991,0.13541706,0.124273434,0.1348506,0.12545599,0.12550189,0.16420378,0.11272883,0.11393121,0.14962763,0.14681822,0.12833051,0.12767704,0.1204691,0.19607112,0.11760308,0.12113966,0.11087925,0.121443436,0.14666337,0.1312034,0.15729654,0.14572866,0.12855482,0.1144827,0.109514676,0.1434262,0.14232518,0.17897812,0.10114167,0.100910045,0.12187115,0.11965809,0.1283917,0.118833244,0.099747606,0.12773153,0.10791686,0.10664689,0.12133506,0.11021485,0.13390021,0.13630882,0.13729347,0.14503086,0.10625809,0.12894127,0.14174615,0.14339945,0.13029796,0.14890604,0.1439638,0.12008431,0.123409204,0.10828925,0.12179687,0.11613201,0.12399887,0.12308852,0.1164493,0.12419461,0.1144127,0.11694792,0.12500629,0.116537906,0.10847547,0.11484941,0.11799819,0.12347943,0.13417418,0.10649658,0.10807562,0.11831959,0.13197742,0.14950638,0.12714115,0.16044816,0.11976835,0.13673723,0.13275857,0.119523995,0.12657553,0.13040346,0.12902448,0.112606615,0.12338675,0.11803492,0.1299017,0.13075729,0.12704428,0.119867444,0.11146154,0.13454574,0.15582925,0.11755153,0.12643556,0.12912828,0.14759073,0.16737019,0.12340465,0.117431685,0.13124065,0.11796776,0.117163315,0.14393589,0.1250461,0.12763785,0.1381423,0.13451695,0.14417881,0.12565953,0.10764311,0.112977125,0.10975492,0.11958426,0.12682658,0.11778405,0.11402794,0.09960177,0.12803179,0.14127173,0.14139137,0.12169908,0.13165215,0.14701964,0.13895412,0.11435602,0.11205479,0.12275438,0.118273266,0.11802631,0.10307081,0.101425044,0.113995105,0.14539398,0.11074843,0.09794164,0.11688731,0.11237587,0.12675619,0.12967148,0.109853834
0.14401135,0.27559632,0.21293174,0.16032626,0.22183578,0.22606277,0.5068086,0.12783653,0.17615174,0.1462481,0.22669852,0.21698007,0.21650578,0.3355365,0.1914067,0.16887242,0.20995496,0.14713173,0.22143959,0.15457825,0.19091804,0.1794182,0.17983258,0.24080814,0.27851522,0.15073556,0.21507013,0.2379522,0.24954242,0.2972272,0.18698266,0.16118434,0.6961536,0.1766749,0.32731748,0.13852899,0.1967348,0.7738847,0.20507158,0.17815152,0.17304857,0.12109004,0.13675176,0.12645577,0.21806946,0.3077953,0.68120104,0.1274551,0.1243586,0.14084041,0.16651997,0.15024811,0.15903284,0.15769295,0.2608035,0.15931918,0.16631888,0.2335004,0.12973501,0.2030155,0.17515987,0.18574099,0.14740984,0.16717418,0.18845187,0.18414447,0.116333455,0.14337277,0.21885362,0.17830575,0.14677493,0.18776545,0.1801937,0.1641804,0.1701192,0.19897118,0.1877257,0.20816611,0.15131173,0.14087006,0.19399469,0.24103455,0.2649497,0.12073224,0.14213692,0.14603187,0.25054154,0.17685446,0.15006708,0.16491862,0.1686679,0.13477355,0.18083386,0.1634417,0.24398817,0.14015064,0.17270924,0.16301982,0.1636814,0.20338006,0.17207117,0.14555913,0.1574517,0.14593767,0.14936164,0.18533556,0.19725858,0.1702782,0.13022411,0.16098586,0.1486042,0.6475838,0.1611551,0.17195272,0.17222708,0.3707868,0.5244992,0.21095307,0.12105833,0.17612185,0.11889235,0.15519026,0.20678611,0.17273027,0.18891634,0.25652316,0.22003049,0.15998143,0.19825381,0.21024649,0.16240713,0.12764426,0.29931828,0.22231007,0.32339388,0.16025518,0.16316916,0.22287701,0.3628482,0.33397508,0.51688397,0.27172515,0.25834075,0.34832498,0.16864957,0.122091636,0.14481512,0.11267672,0.16573752,0.22983165,0.19765264,0.22645566,0.58553153,0.22972107,0.14116633,0.13971595,0.14935952,0.14864632,0.15713309,0.18323405
0.11838619,0.1353853,0.14322273,0.11713442,0.13500956,0.10991397,0.18826787,0.08033853,0.106742494,0.12686689,0.16200966,0.15274477,0.15075804,0.20771216,0.13549735,0.1279528,0.13255875,0.11066538,0.12644204,0.11519919,0.10599154,0.11280884,0.101376764,0.12875307,0.14005879,0.12587105,0.114921555,0.12174014,0.15076497,0.1570195,0.10237673,0.11821031,0.23957016,0.11901922,0.14709228,0.11969774,0.119718544,0.21067701,0.14051314,0.13244855,0.101166494,0.12872179,0.1105984,0.12843278,0.12962104,0.16225629,0.3075512,0.09612388,0.1066916,0.098850116,0.12499718,0.115730494,0.11158286,0.11827003,0.11487438,0.12481012,0.11046605,0.11835782,0.10709958,0.11704542,0.12281055,0.10998364,0.093809865,0.12378693,0.17520279,0.13846283,0.13518512,0.12782371,0.1250094,0.13954453,0.11026196,0.09740592,0.1119372,0.0897341,0.12609635,0.121923596,0.095611095,0.14032395,0.10548797,0.09570184,0.10077739,0.12734723,0.13930385,0.12739876,0.10475691,0.121148184,0.122082956,0.09524118,0.10974519,0.14102478,0.12194457,0.09743781,0.12557611,0.1352856,0.105083615,0.101975836,0.106328666,0.13956793,0.14421254,0.12648323,0.11939246,0.08535922,0.13194406,0.12748365,0.13156234,0.11976261,0.10490307,0.12383656,0.09964425,0.11735673,0.109375924,0.2363427,0.11684603,0.15109798,0.16526274,0.1480685,0.2012695,0.13968585,0.13284123,0.1336431,0.15999368,0.15124285,0.14518014,0.1380248,0.131145,0.14974672,0.12537856,0.13470054,0.116607055,0.11636198,0.11895632,0.12516946,0.13421404,0.14065868,0.122221485,0.10916766,0.10429942,0.12953374,0.18167204,0.15358165,0.14110965,0.13258253,0.188735,0.15305929,0.17919481,0.13679667,0.09908469,0.109933466,0.105138674,0.09964945,0.11227067,0.113512896,0.20410359,0.14148313,0.12531243,0.11938959,0.10411054,0.13062678,0.14355974,0.14472818
0.2324597,0.24210764,0.17117956,0.12602222,0.1982072,0.16257197,0.26721004,0.098355,0.12442157,0.14132367,0.16243114,0.13195916,0.14997795,0.23693405,0.14700228,0.14956696,0.13906904,0.11341743,0.14052045,0.09496453,0.13498439,0.14293404,0.10918515,0.12484766,0.14234446,0.17898466,0.17181277,0.149771,0.14549546,0.15521069,0.10604208,0.118019335,0.42844763,0.1441304,0.1544274,0.11629495,0.13043495,0.33905736,0.13287482,0.15235968,0.111384764,0.12828107,0.10969161,0.13468537,0.14803359,0.18284284,0.42520326,0.099276036,0.11298269,0.11420597,0.14229634,0.1026559,0.10305549,0.107344605,0.13392203,0.10719189,0.13307275,0.13702506,0.12676421,0.11844731,0.13601851,0.11927051,0.115989506,0.11122782,0.14125803,0.16158706,0.120946355,0.10150285,0.121352136,0.1239521,0.101946145,0.11910209,0.110961154,0.12107751,0.13539864,0.13072103,0.13827582,0.14990617,0.109851815,0.086260624,0.11312551,0.13839342,0.1622209,0.13628727,0.1072416,0.12430864,0.13656333,0.11500561,0.10236734,0.12728517,0.13265766,0.103957675,0.12234116,0.15523636,0.121851124,0.10905999,0.1081043,0.1169107,0.111047365,0.110736154,0.14368191,0.10641052,0.13728258,0.108830966,0.10574839,0.12691954,0.10591607,0.11481497,0.10622407,0.11810004,0.08912788,0.40493998,0.101485595,0.14283092,0.12970072,0.12739737,0.22825336,0.12254216,0.10054504,0.124183185,0.12440593,0.12592827,0.2184912,0.1418863,0.11991021,0.14353433,0.1456113,0.1497042,0.14330316,0.12781747,0.13659413,0.12512253,0.15122212,0.13033246,0.16349933,0.14243218,0.13139121,0.14332983,0.18360211,0.21718712,0.20544182,0.16476353,0.16196114,0.18243901,0.17520912,0.1418121,0.10511458,0.10007696,0.10389215,0.13513666,0.13734993,0.14426038,0.28604615,0.16970026,0.10301223,0.11544356,0.11017571,0.1398673,0.15365964,0.15757662
0.22254395,0.27512828,0.15162629,0.17306188,0.14203194,0.13233995,0.35964203,0.102057874,0.1163435,0.20112193,0.1698967,0.17673926,0.16166979,0.21613587,0.15463246,0.15595491,0.16430597,0.12701072,0.19043049,0.1563627,0.120853804,0.103594586,0.10305934,0.16091967,0.16666697,0.18656905,0.24273567,0.23508973,0.21011132,0.26840487,0.20641524,0.14841515,0.313195,0.16076855,0.2613804,0.23241898,0.15672818,0.23977026,0.19559479,0.20230812,0.18095106,0.160696,0.14296687,0.16809848,0.1658422,0.165969,0.30695277,0.12641793,0.1478735,0.13377589,0.20936285,0.19811639,0.145221,0.2016236,0.20372045,0.16728173,0.12975025,0.19419876,0.18929471,0.18815824,0.13274808,0.14063497,0.10120959,0.14268133,0.15791714,0.13219205,0.15437025,0.18197753,0.14012446,0.17123558,0.17373012,0.16183771,0.18702081,0.13104382,0.17051278,0.16136229,0.15692192,0.24768005,0.19642752,0.1845916,0.13276897,0.12982824,0.20361643,0.18043754,0.15448867,0.13598612,0.13756952,0.1255682,0.13465345,0.16756524,0.15040469,0.095325954,0.110630184,0.13332826,0.16508743,0.16270196,0.15749612,0.14589791,0.14582267,0.13273698,0.09159742,0.08015407,0.13785142,0.13662286,0.13880585,0.121376246,0.11696117,0.1395957,0.09661686,0.1476282,0.14045128,0.14149603,0.10982856,0.13142593,0.2149109,0.23280416,0.23984663,0.17855202,0.1217421,0.13204479,0.12117134,0.12368785,0.15220428,0.1635283,0.12858902,0.21074514,0.25203294,0.13917673,0.17098846,0.16384108,0.16954762,0.18065381,0.20928627,0.15988605,0.18605825,0.123816974,0.14043975,0.11688332,0.13634291,0.13544834,0.1257624,0.1581409,0.11396644,0.13802603,0.1271414,0.099151716,0.088681564,0.114318565,0.10519264,0.14354646,0.15440382,0.18528707,0.30287674,0.27964506,0.20267695,0.16351412,0.15062848,0.11406562,0.1550247,0.11667417
0.16933322,0.22175528,0.16234657,0.1414813,0.20056874,0.118544236,0.38945267,0.115175396,0.13926853,0.14505164,0.16638367,0.16600664,0.14742276,0.49607435,0.14105564,0.15941447,0.17991272,0.12377957,0.15256,0.15739466,0.15216863,0.14573681,0.14923654,0.14997143,0.1788805,0.14735048,0.13510211,0.16610004,0.17664133,0.16628219,0.16943558,0.13732554,0.747975,0.1537242,0.15415616,0.14629447,0.13746035,0.4586862,0.15771557,0.22168858,0.13832466,0.1674693,0.14019336,0.12330293,0.16611457,0.236943,0.737807,0.10742042,0.10654461,0.119517945,0.13432649,0.14799625,0.11406647,0.11297456,0.14651166,0.12001946,0.124748714,0.13051952,0.12191177,0.16169652,0.12793061,0.15112475,0.12865578,0.121608414,0.15416124,0.15573512,0.14163491,0.14430824,0.22525138,0.1868496,0.13942638,0.12151167,0.11944517,0.13285202,0.13285564,0.16659942,0.13559337,0.1465375,0.17132,0.17159645,0.14168562,0.16744809,0.15998036,0.12723447,0.14129765,0.15157852,0.19212885,0.157733,0.13056865,0.12835716,0.15385617,0.11463977,0.13535851,0.13602757,0.27477464,0.14276722,0.19157064,0.18019722,0.15532099,0.2407503,0.11864255,0.115575,0.126776,0.15031359,0.17877248,0.16526495,0.12743296,0.14501037,0.123348005,0.1390686,0.15978645,0.5804349,0.13973667,0.13344689,0.14528337,0.33006912,0.46463546,0.15241908,0.14236982,0.18262462,0.15495183,0.1624775,0.20583412,0.15905745,0.18121882,0.19629365,0.18531138,0.19358201,0.16707943,0.1679079,0.1719439,0.14796023,0.17423758,0.20381725,0.22526307,0.18064404,0.16996075,0.21582562,0.34960157,0.30680913,0.25651917,0.27495965,0.25458676,0.25580162,0.15508497,0.13670886,0.15227568,0.1431294,0.16030562,0.20780697,0.16106187,0.15965687,0.25663632,0.17633535,0.1398038,0.14984828,0.16288935,0.14718169,0.17254566,0.15610726
0.20475192,0.14517502,0.094824076,0.0780769,0.13287908,0.13750704,0.16215058,0.1324495,0.12980016,0.12767532,0.23458034,0.19109794,0.18408595,0.1723219,0.18949023,0.17421715,0.16084012,0.15773816,0.18198252,0.17881398,0.15739888,0.15777472,0.18371972,0.16939703,0.17385831,0.15948701,0.16677237,0.14598645,0.20049912,0.18384773,0.13123216,0.15741074,0.17548373,0.16216277,0.17426233,0.18207777,0.16748191,0.16109803,0.1713541,0.16048902,0.12111136,0.15124664,0.10565658,0.13425735,0.14206463,0.19766822,0.16426332,0.15107,0.15723939,0.15452859,0.17601262,0.16405247,0.17002228,0.17142615,0.1376528,0.16160998,0.14599875,0.17478125,0.19161844,0.16226764,0.16018017,0.12272168,0.13531215,0.1601101,0.20502293,0.15062013,0.13552213,0.12760885,0.14304468,0.11664165,0.11215819,0.103071645,0.12186302,0.124205545,0.12777595,0.13892335,0.14982101,0.1699198,0.1640928,0.1367051,0.13837548,0.13761929,0.15916066,0.17397788,0.13869491,0.12341968,0.1436584,0.14752656,0.14127806,0.14392851,0.15838435,0.14294456,0.1571221,0.12776443,0.1256978,0.126609,0.13879621,0.14329693,0.16675559,0.14736623,0.12854366,0.106795415,0.13494124,0.14810161,0.14962009,0.15558308,0.13268453,0.14545557,0.13343748,0.15174095,0.15913145,0.123947494,0.13661793,0.1293989,0.13331188,0.12812734,0.13488378,0.13684724,0.11788644,0.12200684,0.13041721,0.11037718,0.13102908,0.13615915,0.17528377,0.13190113,0.1745689,0.14957789,0.21365719,0.14836386,0.15033902,0.16439517,0.13629204,0.15586345,0.19716544,0.13662475,0.12834816,0.13919963,0.17711678,0.13827737,0.12204447,0.16745837,0.12672591,0.13374616,0.13963029,0.16632,0.14065279,0.14683664,0.15134332,0.15016264,0.16767702,0.16942273,0.24318352,0.19523916,0.17731331,0.16867404,0.15587255,0.18821599,0.1996207,0.13496247
0.181553,0.18114242,0.27896932,0.17143591,0.21001486,0.42144224,0.52814853,0.22647443,0.29937786,0.25940248,0.33615217,0.28370067,0.2841449,0.32889456,0.28445902,0.19080672,0.20721027,0.26202694,0.3711257,0.2782515,0.28934467,0.25611833,0.32556,0.28006,0.46429807,0.14920636,0.22467074,0.26681432,0.30976972,0.4972936,0.2778037,0.26132467,0.50798583,0.2739976,0.4787262,0.18679859,0.26295403,0.5834551,0.33378717,0.33514476,0.18990406,0.2333286,0.21580309,0.14328653,0.25757027,0.35477105,0.40982452,0.2863144,0.21801443,0.29082012,0.28118047,0.2365048,0.19464147,0.1645329,0.18027273,0.17148274,0.15599847,0.19861326,0.14671682,0.25931123,0.29520494,0.30057168,0.27439126,0.17779547,0.16535386,0.25991085,0.14252502,0.1738114,0.21900393,0.2530886,0.21281965,0.22418498,0.28091338,0.2719388,0.21581997,0.19189228,0.21222629,0.27763826,0.17957668,0.204976,0.2556082,0.25013703,0.26902828,0.15371592,0.21670163,0.199417,0.28579608,0.24441458,0.19592826,0.214373,0.1795172,0.21416642,0.23918577,0.17556772,0.20822957,0.18882675,0.27554744,0.28947684,0.16359173,0.2531279,0.35106578,0.32531434,0.20223616,0.25600964,0.18547241,0.25231665,0.19878066,0.2558983,0.18032368,0.23979251,0.24903311,0.48375297,0.18782793,0.15798807,0.13841805,0.29169315,0.33484888,0.1779177,0.15239745,0.23616967,0.15555952,0.18562236,0.31335098,0.18997094,0.22475637,0.26840144,0.22447754,0.18798868,0.19742243,0.17641298,0.17145374,0.17048332,0.20812124,0.29744634,0.29403347,0.17787135,0.19163252,0.29892412,0.20167509,0.28720778,0.22257337,0.2841449,0.24042416,0.22818145,0.14264196,0.14068359,0.18118194,0.16397505,0.18755415,0.19610731,0.14512305,0.1371379,0.3425094,0.18254626,0.15245937,0.20239116,0.205905,0.15824565,0.18685625,0.13190624
0.2317473,0.2216895,0.16163342,0.1768393,0.16832945,0.16058367,0.27754882,0.13681535,0.18197164,0.14368771,0.21726061,0.18542774,0.14382038,0.25783607,0.15897208,0.14555301,0.1505818,0.14578782,0.15250249,0.1722872,0.1402857,0.16435364,0.15801021,0.15235339,0.16671078,0.14530651,0.13789184,0.19393453,0.19811262,0.18242899,0.14892907,0.13546146,0.42246255,0.14601794,0.19196448,0.13631094,0.17418058,0.13023108,0.14939089,0.14091139,0.15773322,0.18289994,0.15456758,0.13468412,0.1392024,0.16556668,0.28475735,0.14106886,0.1491983,0.12509763,0.14888982,0.18890777,0.17101271,0.15922701,0.25561154,0.13100529,0.14417666,0.1697051,0.1279835,0.17878488,0.13941643,0.17263718,0.15696417,0.1321953,0.16262293,0.13571559,0.15300508,0.13308662,0.1600132,0.18988438,0.14101638,0.13478139,0.15054539,0.10939164,0.16393375,0.13553105,0.116488606,0.15285459,0.14827023,0.14749856,0.15425503,0.17720506,0.14864595,0.124315344,0.18006524,0.15856189,0.12659751,0.13695404,0.14102589,0.1439075,0.14454345,0.10693707,0.15217093,0.11028916,0.21290861,0.16452213,0.16400312,0.14019185,0.13728328,0.13372031,0.11854937,0.15579909,0.121021144,0.16221124,0.13177003,0.14986204,0.1392363,0.14310741,0.10925313,0.12769918,0.16266125,0.17186053,0.16642378,0.12505458,0.12737189,0.19099568,0.23804268,0.15242207,0.14212714,0.14759965,0.14170693,0.13569435,0.3351146,0.18947735,0.20085916,0.21126464,0.21617451,0.17501357,0.27379897,0.15103905,0.18065968,0.15547574,0.19637468,0.17236155,0.26644018,0.18427603,0.1745452,0.21657425,0.24220385,0.38989598,0.38972813,0.25401124,0.22765079,0.45927802,0.15337014,0.13647114,0.18765345,0.1465081,0.2327867,0.26437128,0.17871779,0.18946457,0.3101026,0.20758182,0.15678872,0.18919596,0.23985027,0.18095054,0.20962241,0.15824649
0.15149458,0.21908975,0.1741717,0.080711655,0.1542645,0.2672502,0.42026126,0.14541246,0.1572976,0.1200428,0.25124174,0.25622344,0.37067953,0.50151545,0.3191784,0.24487138,0.32252747,0.23510452,0.2269706,0.27728495,0.2346991,0.24137814,0.21921957,0.24621059,0.23416473,0.14135076,0.33363143,0.28925464,0.28997502,0.24137397,0.23942108,0.28726634,0.650933,0.28806436,0.27457058,0.19967738,0.2560647,0.671557,0.25978118,0.15523222,0.14602475,0.20951349,0.20063911,0.15570919,0.32373315,0.2957015,0.6554071,0.31257063,0.3020535,0.24656676,0.24748378,0.20589294,0.2617872,0.2520015,0.25640365,0.33379224,0.35684752,0.23390748,0.22587901,0.21537893,0.20837128,0.17980367,0.15357643,0.27507576,0.28763598,0.11864374,0.08720393,0.2028017,0.17181654,0.14682548,0.15415077,0.2597994,0.2677999,0.2517875,0.26187396,0.29143962,0.39366415,0.34809718,0.18745238,0.21705408,0.28779268,0.2521921,0.2676284,0.26954854,0.2416489,0.29086483,0.22562522,0.22385772,0.25118786,0.26715326,0.41362995,0.2259766,0.25819492,0.09921043,0.1402061,0.16807741,0.13686793,0.17218031,0.14671376,0.21161911,0.20621529,0.18522348,0.20247437,0.23576789,0.22245276,0.19635566,0.29845864,0.2597392,0.15994294,0.17914012,0.2606112,0.73484886,0.19228841,0.09205936,0.07137474,0.14393754,0.2491762,0.13396019,0.11057211,0.13278127,0.083389744,0.119566076,0.18181553,0.14783497,0.18499187,0.17070551,0.14124662,0.14285047,0.113076165,0.09335646,0.07431565,0.09836403,0.11764346,0.13713133,0.14369406,0.11118045,0.121821254,0.15639026,0.37622765,0.27182126,0.4078741,0.099691994,0.23325361,0.39218193,0.059285484,0.045360245,0.11481994,0.05458728,0.06724474,0.09092796,0.08276824,0.092471525,0.5971537,0.12972097,0.053524382,0.06951831,0.08372043,0.08503062,0.08767817,0.08012494
0.1284677,0.34253946,0.3114464,0.20424092,0.16928512,0.26667768,0.34018502,0.19593145,0.2115404,0.23772272,0.37504008,0.36333442,0.36724195,0.16837575,0.3584281,0.3106901,0.3867223,0.24494654,0.3117954,0.30221382,0.26607138,0.21841526,0.2882732,0.2948386,0.35677946,0.19561954,0.31903228,0.29590303,0.35792574,0.40363166,0.28420144,0.332741,0.340251,0.45785153,0.3715531,0.20149468,0.28524908,0.28677362,0.28892887,0.3817793,0.24190687,0.30341762,0.25533983,0.19739997,0.3521005,0.41092542,0.29647702,0.43304938,0.43462542,0.36919233,0.522868,0.41841602,0.26099816,0.28436175,0.30750492,0.4283353,0.49903396,0.40952182,0.24693626,0.3764094,0.3223043,0.29476175,0.29348248,0.42526492,0.40794384,0.24820574,0.1511662,0.31441143,0.21762249,0.31436843,0.24555968,0.2943401,0.3157738,0.25605232,0.37004128,0.377617,0.38979673,0.4620236,0.34962675,0.35003754,0.36695817,0.32102934,0.39452717,0.25816137,0.3650083,0.39069343,0.30636272,0.39236602,0.42501724,0.3819049,0.45607993,0.27414823,0.36449066,0.17514904,0.28406012,0.3295422,0.26784816,0.2972324,0.24165721,0.28188103,0.16888267,0.20447133,0.28519905,0.24656318,0.21897462,0.31586507,0.23636177,0.2844035,0.18267216,0.26819906,0.33352914,0.2797272,0.25352496,0.21291305,0.31762293,0.57000935,0.42328683,0.39187348,0.24789032,0.42528218,0.26473147,0.47465461,0.35959545,0.41596037,0.44071984,0.46626782,0.4078328,0.24410404,0.3843196,0.371203,0.23281552,0.28582484,0.4641837,0.51854664,0.49267244,0.29325554,0.39281175,0.4855434,0.32566264,0.374687,0.39868766,0.5307928,0.38745308,0.35296345,0.4055096,0.23361112,0.47394258,0.4079419,0.41715178,0.35003346,0.32604018,0.42502776,0.603681,0.48334175,0.22152492,0.33756292,0.36822125,0.13654567,0.3314969,0.29617825
0.153583,0.21731885,0.23352288,0.17547353,0.2240601,0.23626071,0.2097383,0.1666471,0.20046803,0.16105331,0.29640716,0.28096753,0.27859387,0.20671426,0.29984054,0.23920885,0.3065658,0.27082285,0.2683773,0.26478145,0.27818072,0.24960957,0.283294,0.28221795,0.33594033,0.17142302,0.3057784,0.37556407,0.32897136,0.33003497,0.2681499,0.28678,0.2316592,0.2906872,0.2947671,0.21844096,0.32353222,0.22860764,0.30364063,0.27790022,0.16140027,0.18918225,0.18336894,0.16343476,0.2707769,0.31312394,0.30871943,0.36688003,0.40465906,0.3259245,0.3831058,0.34958535,0.37386733,0.29613703,0.3432222,0.3158071,0.3867329,0.32057405,0.23546857,0.33619112,0.29985887,0.28250408,0.2567953,0.27438813,0.30696598,0.22019926,0.16612756,0.23028873,0.18100803,0.19493257,0.18996303,0.3705145,0.24439147,0.35935533,0.26605028,0.3335275,0.39565992,0.34662083,0.26229927,0.26386446,0.31247503,0.35373747,0.2722731,0.22642158,0.3055652,0.29711652,0.2698566,0.31888574,0.3373499,0.25824487,0.34052253,0.26891196,0.33962193,0.20202798,0.20124315,0.17112912,0.18774302,0.19095652,0.18419047,0.24497744,0.26169044,0.18658166,0.17621215,0.19951937,0.22752744,0.35046136,0.297357,0.35213912,0.24585351,0.25628576,0.27766952,0.29050666,0.27255532,0.22570463,0.17400238,0.20551866,0.1800325,0.12760492,0.12653323,0.18443187,0.12522803,0.14000028,0.15792167,0.14938171,0.14081843,0.1830456,0.1879577,0.14649408,0.16412151,0.15518302,0.12161238,0.13574061,0.14958575,0.1748701,0.15644266,0.15074335,0.17146546,0.19161302,0.22411415,0.22002086,0.16498168,0.1922122,0.13612725,0.18568805,0.12878522,0.087016836,0.13571489,0.11633895,0.13420522,0.12713459,0.1562613,0.16874635,0.2961529,0.21195365,0.111752644,0.13883112,0.1261073,0.13093345,0.18503009,0.17296572
0.30978522,0.29956037,0.26577967,0.26632568,0.21138103,0.3753776,0.45213476,0.19929413,0.24040754,0.25172803,0.3679128,0.394754,0.43336302,0.44507715,0.34791607,0.3840041,0.51680076,0.29903075,0.41733888,0.29543903,0.20486955,0.2015708,0.24670194,0.34804028,0.34295294,0.15228753,0.36388984,0.31420577,0.38854057,0.46766376,0.2664446,0.29628518,0.6286973,0.3730316,0.3882283,0.18155536,0.24201182,0.44035447,0.31421068,0.2427561,0.1859149,0.24205649,0.21356791,0.1812984,0.52886814,0.55996764,0.59059256,0.39791587,0.51651883,0.44364333,0.6522025,0.37122554,0.29999432,0.26872066,0.31929374,0.43681514,0.3618145,0.43353367,0.26399535,0.43526345,0.24305402,0.3384159,0.24741022,0.43405798,0.42845201,0.24945864,0.13032685,0.24935813,0.29016912,0.27140355,0.2661354,0.38475698,0.4351923,0.32065466,0.519169,0.39240977,0.42384782,0.5059448,0.27604026,0.36050677,0.42995808,0.37531504,0.35473758,0.22669597,0.28660294,0.291725,0.46721455,0.3972437,0.40054202,0.42845803,0.4403476,0.2837792,0.3593674,0.1660631,0.22885327,0.20215759,0.21180928,0.23184912,0.1920112,0.33497348,0.1397188,0.18160652,0.22032653,0.1945027,0.3262069,0.2819769,0.24915904,0.37313172,0.2105416,0.30191237,0.2586396,0.41352382,0.1766495,0.14536387,0.16650267,0.2954754,0.4799367,0.29121244,0.2069578,0.3409971,0.2837057,0.2979397,0.3864817,0.33888397,0.31815696,0.38091996,0.22884896,0.1931099,0.17167646,0.12470018,0.1369722,0.13404737,0.1706461,0.24120982,0.31651536,0.22743987,0.18482773,0.26145834,0.3943713,0.51690704,0.3887694,0.37063715,0.465379,0.4844136,0.16681772,0.14921138,0.3126605,0.31664994,0.33516034,0.2796002,0.22859186,0.1597079,0.43232283,0.41755703,0.18332124,0.15441096,0.21720472,0.07312562,0.17426619,0.28772277
