0.14705025,0.16340993,0.124647275,0.105040826,0.10604689,0.09808215,0.10959319,0.09965733,0.12957227,0.18645868,0.186256,0.13220821,0.12666784,0.07896355,0.10034396,0.13224222,0.12576148,0.09806641,0.179882,0.14497852,0.1269674,0.1326619,0.10724759,0.10729408,0.09680955,0.14179583,0.15686336,0.10177593,0.12338369,0.09478914,0.13587354,0.14815567,0.10822564,0.121311344,0.12031169,0.12582102,0.13217486,0.1023864,0.09242193,0.10025144,0.13045362,0.16914387,0.11128095,0.101718955,0.13757375,0.21791723,0.22573622,0.13045292,0.095909245,0.095786124,0.08990036,0.066786714,0.097683385,0.11094401,0.17475232,0.19156028,0.11913631,0.14046974,0.095573336,0.14603502,0.1509141,0.11536484,0.16491833,0.11664282,0.1313237,0.13842478,0.1670924,0.17427932,0.13476628,0.21617769,0.46076092,0.19275877,0.20470883,0.51391107,0.31767988,0.38655227,0.4014539,0.25032905,0.21919008,0.17757909,0.24361028,0.16442603,0.17792626,0.2051134,0.17893629,0.17526439,0.19113493,0.13942653,0.1863841,0.25114948,0.32240704,0.2052332,0.24661395,0.22620012,0.27022773,0.23828618,0.23071587,0.2576588,0.26411667,0.27944854,0.2127631,0.15582943,0.29758996,0.21194974,0.17944846,0.15954582,0.19877349,0.15627235,0.15928003,0.16554996,0.08880445,0.1442776,0.16900189,0.2590074,0.26562092,0.122610286,0.13421436,0.1417604,0.29662108,0.25666165,0.15963829,0.21919496,0.22247592,0.17057085,0.13007773,0.16666432,0.13140135,0.15943117,0.17080694,0.15969427,0.1450889,0.12788932,0.13194628,0.1528851,0.27449444,0.26286876,0.24155682,0.17790021,0.22718312,0.14719138,0.14578351,0.12678747,0.13894401,0.10634951,0.10273309,0.17925148,0.123626396,0.10875074,0.07103942,0.11336922,0.12971537,0.110467054,0.07411435,0.1206226,0.1207816,0.10266373,0.064155236,0.19281158,0.09897444,0.148225
0.11472263,0.10832932,0.12602483,0.089634016,0.11682209,0.12207425,0.10520599,0.13978775,0.14344367,0.17666243,0.1811755,0.1116566,0.14048247,0.066711314,0.09979866,0.122566216,0.09466443,0.098394826,0.12440857,0.1603878,0.110923,0.12574,0.08956976,0.111839645,0.12404664,0.1887206,0.17053877,0.078135125,0.11723552,0.097861655,0.14366628,0.1581454,0.12383881,0.17353982,0.13561925,0.14560112,0.14856036,0.10736823,0.086952336,0.09275589,0.12691328,0.18086907,0.113444686,0.13051543,0.16070339,0.1990882,0.20272881,0.15581723,0.12047253,0.10875243,0.119129814,0.10329512,0.12361071,0.15696281,0.1714738,0.20570876,0.13729602,0.11364238,0.07099973,0.111664675,0.1494385,0.097237706,0.16746023,0.10644724,0.10985574,0.13532308,0.20880806,0.19396907,0.16709508,0.17887233,0.2884685,0.2186131,0.23765425,0.34752586,0.323691,0.4423911,0.49868062,0.30691293,0.28088847,0.19728409,0.26394546,0.19063303,0.16345328,0.15789494,0.18334506,0.15481098,0.16064419,0.14925195,0.15156321,0.27031794,0.37653014,0.2521062,0.26321492,0.27716348,0.31524047,0.293212,0.30773923,0.34074312,0.24965188,0.37291923,0.3297611,0.17156537,0.32050428,0.28522673,0.2569873,0.23888348,0.25688198,0.19884798,0.13866612,0.12812825,0.067088515,0.11880432,0.106410876,0.19354518,0.21861008,0.11965225,0.16447219,0.13750283,0.25538605,0.24381784,0.14834982,0.17849725,0.15551177,0.16432182,0.16317073,0.18959919,0.15217282,0.1592795,0.16121133,0.1873031,0.15578502,0.15005647,0.13332471,0.14992091,0.2533278,0.23146696,0.20045362,0.15671615,0.1604266,0.14789325,0.14333543,0.15005045,0.1590827,0.12557127,0.14113715,0.15523829,0.13499978,0.12716933,0.0770281,0.13555075,0.1366151,0.14057556,0.095034204,0.10827378,0.1083355,0.10169242,0.09039758,0.20149672,0.09933115,0.12125014
0.24798147,0.12168373,0.10555809,0.07684604,0.09269532,0.08183279,0.10889744,0.09158175,0.09460095,0.13685374,0.12178618,0.11261512,0.12757568,0.1198725,0.07760362,0.10284888,0.10915695,0.13400309,0.120851606,0.12165349,0.13544573,0.14048785,0.11072168,0.12806441,0.10855223,0.16873775,0.13979673,0.13336712,0.12678291,0.08383523,0.14748,0.13216172,0.14158146,0.1053531,0.09988173,0.19215445,0.19324473,0.17544521,0.13538091,0.129607,0.14827552,0.16092855,0.11830651,0.11541269,0.13189743,0.2061046,0.25923404,0.14958367,0.13607846,0.10161829,0.14637259,0.089308515,0.11874899,0.10777698,0.06671417,0.08549764,0.13491221,0.13242853,0.07834902,0.13040881,0.10632657,0.11907552,0.22986014,0.11299025,0.1020287,0.0936189,0.13727272,0.10891477,0.09504511,0.14558215,0.15600687,0.15940347,0.12394907,0.17559384,0.16049767,0.17454055,0.18633707,0.18493298,0.15339611,0.18740918,0.17859574,0.16628264,0.11844497,0.15639225,0.17110275,0.13579854,0.18619335,0.14017731,0.15438734,0.25348255,0.28677177,0.2471767,0.2829808,0.28819913,0.25870365,0.22984535,0.25815424,0.30397364,0.2329872,0.23721342,0.23341207,0.14756124,0.25754568,0.20934184,0.30915675,0.23359214,0.20430103,0.16721833,0.17718175,0.105197564,0.08871183,0.09594236,0.1596814,0.16199943,0.16858871,0.11702676,0.18633422,0.12421013,0.17033869,0.23090053,0.1260662,0.16088162,0.11743129,0.091837734,0.10818671,0.106424116,0.18000624,0.22486158,0.16416462,0.15430067,0.14710917,0.15828604,0.14728196,0.13848315,0.207568,0.19765599,0.14062993,0.17040516,0.16822177,0.13752669,0.12775217,0.15212521,0.1538534,0.1475873,0.13698256,0.19132733,0.12219923,0.11692671,0.14077708,0.15553895,0.1430787,0.17147164,0.13725558,0.16628543,0.13755368,0.12882821,0.109182835,0.48121008,0.13838841,0.16772485
0.14879297,0.21279678,0.13828011,0.0953116,0.10054802,0.09672774,0.12328105,0.11412563,0.11880586,0.17156339,0.17312208,0.13647674,0.1454577,0.066935115,0.084653944,0.11742353,0.12451061,0.09540451,0.16202308,0.15524736,0.15154184,0.10737633,0.12971498,0.1554593,0.10575053,0.1379605,0.15142912,0.097531885,0.15205938,0.10626021,0.11248702,0.13939875,0.14434662,0.10958719,0.12544706,0.1367075,0.14366783,0.10955477,0.08871364,0.08707383,0.12706406,0.16442768,0.11240701,0.09163103,0.13650711,0.17550789,0.19888811,0.16086514,0.12659685,0.09322974,0.123963736,0.077274546,0.09863063,0.10668924,0.12308613,0.17609063,0.09803104,0.10985435,0.092796415,0.1334874,0.17450652,0.09580446,0.13694862,0.12980519,0.1253776,0.13294335,0.18822527,0.22347686,0.15989807,0.1861077,0.4434468,0.21549466,0.25139534,0.45242625,0.31055775,0.4058683,0.46318984,0.2622536,0.25814435,0.19470099,0.25014028,0.21062255,0.14573145,0.19909687,0.2463876,0.16287501,0.15431271,0.17662661,0.16196118,0.26068223,0.2984001,0.21244106,0.26690656,0.2089584,0.27367353,0.23262198,0.2616659,0.31795064,0.21422519,0.29786918,0.23784405,0.11995596,0.26764697,0.22397125,0.19231069,0.16985415,0.18884704,0.15390982,0.10742855,0.10058137,0.0913338,0.10797054,0.11670275,0.21684954,0.237804,0.11659655,0.12556213,0.14187649,0.25967824,0.26168898,0.13673735,0.16266355,0.19452606,0.12810704,0.10841156,0.1423791,0.13388084,0.13658173,0.13511214,0.12835701,0.13977005,0.1357307,0.13402873,0.14160468,0.20012148,0.26025409,0.21558324,0.1707708,0.17893425,0.12133909,0.1365293,0.11908054,0.12732513,0.08739918,0.11975126,0.15398479,0.11000283,0.10149657,0.058964062,0.12942769,0.1051348,0.093263224,0.10111693,0.13031046,0.11460429,0.0977115,0.06906849,0.16947567,0.078815944,0.09598269
0.13201326,0.129454,0.08523069,0.075623155,0.069410205,0.06352182,0.09465184,0.08666618,0.108540505,0.12892179,0.14819776,0.14211094,0.13204378,0.073363595,0.075207025,0.07913298,0.06985134,0.08580272,0.10400022,0.12605448,0.11342712,0.1130466,0.092508905,0.10288217,0.1208248,0.123030916,0.1330425,0.08054832,0.11351314,0.0975211,0.13515066,0.13919029,0.09668079,0.096456766,0.08198278,0.13858241,0.1409015,0.08920541,0.08075525,0.08336843,0.10024621,0.16541368,0.07564796,0.1514428,0.12758076,0.20925163,0.16706145,0.15221132,0.10509383,0.0700178,0.086908065,0.05487748,0.08157953,0.08077747,0.103594,0.13248543,0.124487005,0.120886765,0.14500384,0.18261024,0.17264836,0.095881194,0.17103732,0.09981466,0.09162423,0.11829989,0.19384207,0.22456464,0.16495682,0.15362178,0.2664993,0.16711184,0.16709875,0.2648693,0.27960035,0.29580554,0.46763358,0.24981777,0.19762906,0.18712303,0.2038282,0.18338831,0.1868793,0.19206166,0.21445702,0.19927105,0.27870494,0.1629402,0.18663083,0.18235816,0.27013204,0.19523707,0.20171358,0.21316841,0.25337967,0.2128027,0.28267553,0.3031552,0.30963364,0.40452468,0.331543,0.2477659,0.37048256,0.33995983,0.30790284,0.2798954,0.27948895,0.26600826,0.22132386,0.1290317,0.14771152,0.15116464,0.14465167,0.14181553,0.14576578,0.11243839,0.14344798,0.17268404,0.35643297,0.31408766,0.14527334,0.16661364,0.1336979,0.14124466,0.1457614,0.146985,0.11821869,0.12583467,0.14290188,0.12585537,0.13481013,0.114299394,0.14133246,0.1941656,0.23559755,0.25367042,0.22502187,0.18205674,0.17609599,0.15566319,0.10902803,0.11207546,0.1059052,0.07449392,0.12399666,0.14728709,0.108026326,0.10592341,0.08319734,0.11816503,0.10758105,0.113516174,0.08285706,0.12394527,0.11631868,0.08677862,0.053703073,0.375218,0.08779813,0.14364116
0.14601272,0.10185913,0.113862224,0.10566103,0.10822528,0.085095875,0.13563058,0.11122525,0.088388875,0.1190404,0.11905385,0.101064,0.10537589,0.07949519,0.088623054,0.1074474,0.10460896,0.08331806,0.10417317,0.13580036,0.13197589,0.09230464,0.10660133,0.11752606,0.09472319,0.076218635,0.10630675,0.15247783,0.122750185,0.07531889,0.08311005,0.101375856,0.12211676,0.10679163,0.09541875,0.10845931,0.0862421,0.120541655,0.10363036,0.11985702,0.10205132,0.11758365,0.1086817,0.11331547,0.12894204,0.13537043,0.18045497,0.11756844,0.09974841,0.1088692,0.10877524,0.1333551,0.11136022,0.112588935,0.13502729,0.17788656,0.11533078,0.08204633,0.09669252,0.08334423,0.08767976,0.07986009,0.15412503,0.108650036,0.08945357,0.08425755,0.105358586,0.11836395,0.09663206,0.09730734,0.12655556,0.17086563,0.14739472,0.14935356,0.16031948,0.14799508,0.18075252,0.18812159,0.17413852,0.19062538,0.1916797,0.1730192,0.102085106,0.15329939,0.15900864,0.17060742,0.118006386,0.13412516,0.17526151,0.19738995,0.24368156,0.22143655,0.21785481,0.23889898,0.23965631,0.20134328,0.20895383,0.22374463,0.23925607,0.20755364,0.23498297,0.13151576,0.19325396,0.21598303,0.24116601,0.16639636,0.18030928,0.17974563,0.20389429,0.09024922,0.10413112,0.07148944,0.10416874,0.09344871,0.09490137,0.087398164,0.14874098,0.12341775,0.13304846,0.15832025,0.10387066,0.089527726,0.09988767,0.11723549,0.106586635,0.09670704,0.092425875,0.16121936,0.10608272,0.109495774,0.09760016,0.1673438,0.13724378,0.079088755,0.15635458,0.09825067,0.107227534,0.09645883,0.12106579,0.11121628,0.09966839,0.13027753,0.11566951,0.107176974,0.11018042,0.116676986,0.086088136,0.06704888,0.09908956,0.10330402,0.0910727,0.096330374,0.0531177,0.13659343,0.095991455,0.08719048,0.083407775,0.235349,0.10180712,0.09145006
0.10172506,0.10952583,0.09796816,0.10983189,0.070147455,0.05386361,0.09399929,0.06881273,0.0746421,0.10994447,0.14000937,0.09819635,0.12287865,0.06339785,0.058859657,0.102411,0.079487026,0.08398948,0.07564454,0.1127663,0.09700922,0.095677786,0.09145775,0.099732906,0.104680836,0.10599459,0.12023492,0.0650655,0.106382065,0.079217486,0.11859381,0.13678433,0.1038884,0.0991627,0.08288849,0.13055141,0.1342194,0.106321596,0.09345566,0.07786256,0.110949986,0.15539612,0.072586164,0.10178917,0.13273163,0.21950407,0.14051916,0.14919482,0.1358987,0.07495193,0.1021395,0.09529453,0.044333678,0.08884835,0.12727109,0.2205658,0.09906473,0.10717982,0.11218423,0.13494608,0.155237,0.079835184,0.15362951,0.111652,0.1341304,0.14091115,0.18444802,0.16902827,0.1691128,0.16874287,0.26331842,0.2249133,0.2129712,0.24097703,0.2610949,0.32134014,0.388899,0.27369612,0.27376854,0.24236022,0.3112015,0.2069247,0.18815185,0.22042105,0.21634111,0.27136856,0.30823705,0.18239102,0.19540027,0.25279453,0.27175808,0.18912894,0.15399161,0.12217052,0.18835033,0.16957396,0.23620653,0.33800164,0.24204867,0.274075,0.23534994,0.21754242,0.3294427,0.29483694,0.30901396,0.20578822,0.26153305,0.17659236,0.15574306,0.13451825,0.10621355,0.15633371,0.14372131,0.1837999,0.20967495,0.11174508,0.11711426,0.1436786,0.32603008,0.280557,0.15573977,0.20385635,0.18839823,0.19184242,0.15740183,0.19221273,0.11675806,0.16157353,0.17923668,0.11771375,0.14874512,0.16196083,0.17400768,0.1883647,0.26621363,0.270416,0.2408667,0.18864082,0.21415322,0.16182634,0.16315177,0.1214042,0.123335466,0.08548613,0.11103073,0.15910867,0.121940605,0.0909327,0.0708277,0.10071857,0.099252336,0.1064678,0.05081704,0.10698062,0.11447967,0.095462926,0.056143332,0.26793984,0.078009784,0.12549055
0.05713634,0.06915117,0.09870268,0.07630865,0.10085571,0.06328645,0.10718413,0.09820336,0.09950183,0.09745273,0.093257226,0.09081947,0.082420394,0.0837314,0.049999207,0.074180484,0.074496605,0.07532184,0.06528095,0.087640375,0.08048327,0.051369,0.06087751,0.082175165,0.078337975,0.07670536,0.07186248,0.09592183,0.06552814,0.051408082,0.07748832,0.09084778,0.075607575,0.15409318,0.09486641,0.16289298,0.08100674,0.099894926,0.09865152,0.078103825,0.10533388,0.10209514,0.06257449,0.091038644,0.08781892,0.0847251,0.08907241,0.074858114,0.10547854,0.10763703,0.078264795,0.052267008,0.06520155,0.10530684,0.112479,0.11741348,0.12773046,0.05712058,0.07835982,0.056775033,0.082921125,0.06832929,0.09098902,0.058818087,0.06903074,0.076265864,0.09404451,0.0701095,0.06866472,0.09801555,0.09759745,0.07835264,0.08826987,0.09650819,0.09811846,0.082660995,0.09473811,0.08239591,0.11309532,0.07792543,0.079436146,0.06544708,0.100832574,0.057344414,0.08416004,0.061321005,0.058794163,0.06881988,0.07512413,0.0951155,0.13797438,0.095450796,0.11720644,0.19662827,0.086881146,0.07374313,0.114043154,0.13461308,0.11357747,0.08499832,0.10447456,0.07652938,0.16027123,0.1626068,0.1701195,0.14222598,0.12515828,0.11716098,0.08139672,0.15835638,0.084160686,0.06301881,0.08538231,0.07250697,0.07146748,0.07163201,0.108559266,0.08766327,0.09007892,0.05945194,0.07709321,0.07755166,0.072674036,0.10388177,0.07864625,0.07765248,0.10543385,0.1258233,0.08209888,0.07874146,0.080446675,0.12244881,0.08804366,0.09693609,0.082997605,0.07162961,0.0893264,0.093603134,0.09327432,0.13227625,0.08311262,0.095854506,0.09103069,0.08417928,0.10182656,0.13287935,0.11698997,0.10416831,0.0875159,0.090635575,0.095208056,0.10216466,0.046589453,0.07997989,0.058140706,0.06670523,0.099935256,0.10057289,0.11482943,0.1511344
0.07106375,0.030660188,0.016370067,0.022827735,0.02713332,0.031855736,0.053045582,0.08622491,0.2131627,0.13803984,0.123620234,0.14550884,0.024793096,0.03666426,0.048777238,0.027041068,0.04110791,0.050437298,0.099391624,0.050700046,0.10218551,0.04900529,0.025176946,0.04211771,0.081901,0.059153013,0.05036261,0.097091645,0.05202302,0.07085622,0.032853816,0.049483582,0.060556956,0.05459231,0.041468814,0.19975843,0.09692652,0.07906292,0.07432969,0.10715024,0.031776838,0.019415691,0.014029035,0.047917914,0.023346705,0.10215903,0.09891907,0.06496191,0.09870567,0.05821195,0.053883404,0.048000235,0.09594693,0.053580683,0.0827017,0.120738484,0.15891923,0.06565904,0.09245053,0.07601502,0.0613956,0.11042863,0.13915636,0.03662386,0.086958334,0.13715498,0.043289617,0.03565397,0.034434166,0.16658138,0.20557961,0.09854385,0.31224838,0.22940144,0.18251705,0.15141644,0.16420841,0.12707913,0.12781048,0.13496085,0.13598149,0.07962284,0.197619,0.1989371,0.1770896,0.09171921,0.18199016,0.28595212,0.40175766,0.17714357,0.134312,0.10903598,0.22854203,0.2349304,0.17263158,0.14947641,0.22750899,0.17208786,0.22075863,0.13552822,0.14975789,0.13308328,0.108091965,0.09695355,0.14278373,0.22915618,0.23473705,0.14856057,0.22668387,0.07400574,0.06372287,0.1036277,0.12226286,0.16988577,0.1868842,0.16379386,0.09641357,0.16596358,0.4442866,0.3506474,0.35108387,0.17627726,0.26677582,0.10285129,0.074504636,0.09995164,0.1443314,0.12173173,0.101854354,0.13343674,0.22618371,0.09792505,0.11625032,0.16803744,0.27024838,0.1864578,0.17966065,0.25932828,0.21414039,0.15809377,0.08219556,0.113314815,0.077344336,0.06910001,0.22574855,0.13407296,0.113528244,0.06268098,0.08847529,0.06559271,0.07977139,0.07975688,0.092433564,0.101213574,0.039786473,0.028486308,0.022930158,0.23912819,0.1523769,0.1381982
0.06810985,0.10049322,0.14147201,0.057567813,0.16626346,0.104666464,0.17517728,0.14861172,0.15973082,0.1871095,0.14638755,0.11617258,0.103257105,0.14097394,0.15544534,0.10687642,0.09924006,0.09460475,0.10311373,0.10068169,0.09388939,0.08274371,0.089636974,0.070199035,0.09294935,0.11045505,0.11892388,0.11129484,0.08016892,0.03969746,0.08562169,0.14792642,0.11224115,0.15621419,0.15992828,0.13042593,0.08955034,0.07143387,0.072335415,0.070829764,0.10290308,0.11610088,0.08116388,0.083884604,0.08601535,0.111434035,0.15774916,0.12768823,0.12530915,0.110956475,0.09434648,0.056164138,0.05905392,0.06431928,0.0851491,0.104105055,0.08185906,0.07983432,0.0803159,0.07328694,0.08077971,0.07269396,0.061640114,0.06306252,0.077772096,0.13819078,0.14672872,0.15855159,0.11611315,0.1469826,0.125762,0.16109554,0.21649563,0.10864172,0.13440739,0.11813846,0.11011789,0.1747813,0.13358109,0.118429706,0.15015607,0.14799917,0.08887128,0.16609037,0.12236778,0.16018665,0.09935819,0.24114731,0.1642993,0.2327743,0.21179514,0.17395933,0.279647,0.22020091,0.23912941,0.16577114,0.19696115,0.23255111,0.14430264,0.17235054,0.16464105,0.15204905,0.22145973,0.16288619,0.11666214,0.21032584,0.212634,0.11486243,0.12308058,0.07236471,0.09864806,0.053536933,0.070034094,0.07918941,0.077395014,0.12513654,0.16326655,0.1113673,0.119108945,0.16180027,0.11950499,0.07450138,0.065512456,0.13302132,0.08900802,0.108411916,0.07039003,0.068650395,0.049894378,0.07018552,0.07098542,0.08474954,0.10072165,0.055448703,0.11973797,0.15613334,0.13185126,0.064202674,0.060157657,0.06065461,0.074842416,0.07778727,0.055843826,0.08083931,0.073768154,0.049224097,0.057848047,0.055802688,0.114924066,0.07326761,0.0642473,0.09096226,0.08485089,0.08511456,0.12929137,0.111817576,0.11967062,0.083321646,0.06100006,0.063725375
0.07680454,0.110148676,0.12737033,0.10245644,0.16024698,0.1573661,0.19260502,0.060813837,0.08035124,0.06798647,0.052084513,0.15790662,0.11024805,0.104668535,0.11025017,0.097710446,0.08970975,0.14773442,0.16192885,0.098481864,0.09265409,0.076221086,0.111142226,0.115513615,0.088070884,0.069819,0.07574225,0.11475557,0.11737242,0.11448151,0.0971327,0.08321347,0.092271134,0.16088808,0.11308045,0.16584128,0.10859514,0.12207954,0.10363943,0.10920408,0.07039314,0.080379374,0.061616033,0.065188155,0.08043701,0.07970124,0.098592475,0.12252601,0.097412795,0.08841947,0.09169865,0.113363214,0.106451996,0.078061745,0.076102965,0.07380164,0.11989817,0.065513946,0.08313272,0.0541881,0.06014432,0.09081556,0.06052915,0.07188713,0.06651475,0.08512641,0.090320244,0.092897095,0.08005838,0.14972687,0.109820016,0.09207476,0.12043338,0.08279935,0.113742165,0.09698935,0.08065289,0.10841692,0.057734806,0.04408692,0.044194072,0.048826437,0.05173468,0.11159988,0.1019708,0.07708163,0.087627895,0.16286536,0.12513235,0.12143139,0.12589025,0.0860243,0.11709906,0.15285961,0.109089874,0.09911795,0.13541967,0.13474308,0.08969537,0.095748365,0.15170614,0.09887213,0.13204966,0.13481191,0.07297913,0.09449047,0.0698229,0.120529324,0.12028035,0.049967565,0.09425067,0.059216313,0.06453427,0.10501656,0.06723318,0.05930572,0.0726873,0.06571673,0.08387034,0.06523658,0.08950843,0.07727554,0.13404453,0.161615,0.10129189,0.09205593,0.118813835,0.10442473,0.08063678,0.08692871,0.11834438,0.09834383,0.11070617,0.17430213,0.10190895,0.061404705,0.072701834,0.071579486,0.14343634,0.096372746,0.08314231,0.10648356,0.06850471,0.10662917,0.10813421,0.0983869,0.09199859,0.08047124,0.07539829,0.06931197,0.14470647,0.0627218,0.06569061,0.07692883,0.06851905,0.08154338,0.1557114,0.08391068,0.09772016,0.07209387
0.18946151,0.058978822,0.041310627,0.036758423,0.042953227,0.06096638,0.04312914,0.19300355,0.09787476,0.07675233,0.07588258,0.052269522,0.10577444,0.07489909,0.09853628,0.14561816,0.06909491,0.088370405,0.16450469,0.07760875,0.13735637,0.11667089,0.04703073,0.10717002,0.0514154,0.07505655,0.089293376,0.086080566,0.059491746,0.06664704,0.039582204,0.08815113,0.06477951,0.076672755,0.067231745,0.1392341,0.07601424,0.077329785,0.091541454,0.10332597,0.051507425,0.1314579,0.07704936,0.13956,0.13312848,0.27931878,0.18251671,0.10140953,0.0914394,0.076684594,0.08148387,0.13743299,0.06585624,0.083284825,0.1287035,0.09422238,0.08801829,0.07189185,0.09899647,0.056345426,0.08113046,0.07946374,0.26223227,0.057930514,0.17540449,0.18972246,0.12272163,0.10248962,0.13876736,0.120753475,0.42937195,0.29341897,0.36752233,0.20640883,0.28271055,0.24260417,0.29245412,0.09712806,0.13624159,0.2862363,0.2950193,0.35499445,0.4119,0.16510487,0.34616837,0.32546943,0.3618667,0.3374093,0.29111892,0.30383837,0.36727265,0.23294324,0.40897205,0.4043826,0.21132745,0.14769806,0.2281363,0.22551754,0.3553439,0.1434682,0.36097652,0.24978636,0.13344957,0.14687227,0.32420734,0.26797935,0.25501508,0.12451885,0.33242625,0.24011324,0.09546657,0.16050267,0.08353555,0.11920535,0.1783149,0.25080907,0.32077405,0.1980414,0.18334492,0.32919008,0.13209838,0.2241295,0.33167493,0.1969393,0.1429189,0.14950223,0.15869214,0.2618889,0.17461939,0.19105132,0.16951609,0.11785032,0.14197929,0.2110804,0.308509,0.3395345,0.32205057,0.4035881,0.18775602,0.21570721,0.14541833,0.13649616,0.11872749,0.104438834,0.1776327,0.18482125,0.15649739,0.10920732,0.11361673,0.15080231,0.1406808,0.1190064,0.16346438,0.22642444,0.0837739,0.058745902,0.0630855,0.17807229,0.10471218,0.12657559
0.30643904,0.15297046,0.15824504,0.17092596,0.11348824,0.10807723,0.13655709,0.13453776,0.12644163,0.13026874,0.19728097,0.09443324,0.25033444,0.09238852,0.06462758,0.15530208,0.07100769,0.104499266,0.1354631,0.15638225,0.13321054,0.36085287,0.1718333,0.2025327,0.068993784,0.13657486,0.14665736,0.1529113,0.111393936,0.105226055,0.20553581,0.17412555,0.10270738,0.13170102,0.15240496,0.13099937,0.1976281,0.18887055,0.16640387,0.08794689,0.18725042,0.07668172,0.12150396,0.1177121,0.18527132,0.16184972,0.15513851,0.15517704,0.25603455,0.15230325,0.20282473,0.08904678,0.12786978,0.11812505,0.13944453,0.15553495,0.11621193,0.34686103,0.31924817,0.27160242,0.11983393,0.13918105,0.20888823,0.14545849,0.14391787,0.0998087,0.100694336,0.11419693,0.096448675,0.15328297,0.17824528,0.1586314,0.114641555,0.11647436,0.07505741,0.16136056,0.19928114,0.14326507,0.0973397,0.09486552,0.13764764,0.10037764,0.2910602,0.13239762,0.17777377,0.190131,0.13772324,0.1312574,0.1029481,0.21072309,0.07157724,0.1585631,0.13877435,0.07442025,0.08108231,0.13242675,0.11098648,0.19496423,0.084197484,0.06639898,0.103188194,0.18746918,0.10964897,0.08782628,0.06606502,0.07926991,0.09960158,0.09880832,0.06718136,0.30245867,0.3460446,0.2637418,0.16497046,0.10473911,0.1062132,0.07934812,0.1310281,0.104013465,0.072873265,0.14700685,0.087472156,0.20807232,0.10756194,0.10151787,0.10205178,0.12665808,0.12619841,0.18066266,0.14534518,0.068629116,0.10791141,0.16615742,0.13908988,0.13070337,0.19494833,0.07198163,0.06591671,0.2791959,0.11866589,0.18869452,0.20936367,0.088022225,0.24318476,0.11280711,0.13308291,0.14907138,0.14005083,0.1123657,0.06539373,0.1350896,0.04557942,0.202725,0.09346866,0.121969536,0.10609665,0.13513601,0.08528662,0.2156258,0.10228649,0.2660139
0.17644851,0.30610117,0.29084027,0.29507825,0.2241238,0.2450914,0.114761524,0.14865519,0.1613091,0.1638292,0.21191654,0.051076423,0.107688434,0.15599674,0.13834292,0.232612,0.12461133,0.11763342,0.102331415,0.15306082,0.07284301,0.024457641,0.13501805,0.19605383,0.098217316,0.1346375,0.16913918,0.15335321,0.13188261,0.08523685,0.13185655,0.16169521,0.20869736,0.18987861,0.17961907,0.08884252,0.06632909,0.08879531,0.106664956,0.09637571,0.1382526,0.07199527,0.12225782,0.08302434,0.10588354,0.121403925,0.09750182,0.041498113,0.053231455,0.08346864,0.122024104,0.079878666,0.0791727,0.07795377,0.09132666,0.11300256,0.056026403,0.013013924,0.15835643,0.13596617,0.12528445,0.09737796,0.13359585,0.15012623,0.18484348,0.09634567,0.11538547,0.13114494,0.14558801,0.10518146,0.08933261,0.17002988,0.08157623,0.10548516,0.09963545,0.14851367,0.12529233,0.16350587,0.13921595,0.10899626,0.123718634,0.08373969,0.06836423,0.119447164,0.18188125,0.17985922,0.15580694,0.11036139,0.13762258,0.18442696,0.114467464,0.18038282,0.19452165,0.14412887,0.12777579,0.11435852,0.08828346,0.17369269,0.13586023,0.080489665,0.09952279,0.07942095,0.08767258,0.15524559,0.14372584,0.06956153,0.084314145,0.054447874,0.044624202,0.0388665,0.13895014,0.09998803,0.095575884,0.14644727,0.14138955,0.107826896,0.1490127,0.09180511,0.058271773,0.09655456,0.0846441,0.09494676,0.16744101,0.13621971,0.08718011,0.124012865,0.11499162,0.104665786,0.17052184,0.16436459,0.08486449,0.14464873,0.06653242,0.054367132,0.12113867,0.059553746,0.07549153,0.05211934,0.13312933,0.09182007,0.12851064,0.095266804,0.13813545,0.07628535,0.05742382,0.0966019,0.10695405,0.12840109,0.076771565,0.117327966,0.051883135,0.06628506,0.057171308,0.052527696,0.070411064,0.077765994,0.07741705,0.13492064,0.031541266,0.03596626
0.32108712,0.18030022,0.2024419,0.18602361,0.12929489,0.11984954,0.045927998,0.1334024,0.07770208,0.09525227,0.12957549,0.040016554,0.11432244,0.05550054,0.055871945,0.17418432,0.13169043,0.12425976,0.08435657,0.16133747,0.06558505,0.16368048,0.07868826,0.07219426,0.08087702,0.08406366,0.12478482,0.1587614,0.105730794,0.05476238,0.18207446,0.14020582,0.120656595,0.15381284,0.100059286,0.08972084,0.12804562,0.17187122,0.10822145,0.054755572,0.11919238,0.065615006,0.119696654,0.111511216,0.12452628,0.1373482,0.0980624,0.04710251,0.1001694,0.07107132,0.10257908,0.06736319,0.07026793,0.07763723,0.087995805,0.10029403,0.050949957,0.1624236,0.26890346,0.23758513,0.07748764,0.049716864,0.12456238,0.10652514,0.080271386,0.06965682,0.07762458,0.12937441,0.1327775,0.079338714,0.12072441,0.16818473,0.07281232,0.13405408,0.0768971,0.15043639,0.15311071,0.16306743,0.12498389,0.11744754,0.13110787,0.072583176,0.15555346,0.05800762,0.06809146,0.14460725,0.1227727,0.060625475,0.07230781,0.1268599,0.0835165,0.13250987,0.1430539,0.11898272,0.10567325,0.10012307,0.056064125,0.17682505,0.110709555,0.09854797,0.07411589,0.14438565,0.09364022,0.063922234,0.046568748,0.051810227,0.112389915,0.10788095,0.040752877,0.13495421,0.27862218,0.19701992,0.113397226,0.1108126,0.09466982,0.10183394,0.14167248,0.09789963,0.06180809,0.112294585,0.043105002,0.14392696,0.100589454,0.08828665,0.065074466,0.108869605,0.107942306,0.18466957,0.15834776,0.1396304,0.057957258,0.14299783,0.07455914,0.074505895,0.11182515,0.058576677,0.050294545,0.15609285,0.08009336,0.13007186,0.11990213,0.11463451,0.18854557,0.10383008,0.027486725,0.09415659,0.076700345,0.09374729,0.061432585,0.11315894,0.048253354,0.12673244,0.04206097,0.06778547,0.10505599,0.09682684,0.054199416,0.24049479,0.036170803,0.114291094
0.18980393,0.17512903,0.23716944,0.22169851,0.1914244,0.22138718,0.10389037,0.1446569,0.100678116,0.10209304,0.17945732,0.0626085,0.11844563,0.18429273,0.100787684,0.23395452,0.16171291,0.14987956,0.087808505,0.15744403,0.14573199,0.1426259,0.17705686,0.13703217,0.08756799,0.119647965,0.18437468,0.17569564,0.18573067,0.06754705,0.13137123,0.19836551,0.13385263,0.13245828,0.13416861,0.09627896,0.10522103,0.1184386,0.087123774,0.086250424,0.093460426,0.08401496,0.16434096,0.08782539,0.12705494,0.15856284,0.13800023,0.05528052,0.11786608,0.11236731,0.21593225,0.16559395,0.16110325,0.13785644,0.104419515,0.1222337,0.0799728,0.17397945,0.32030013,0.15339747,0.12457378,0.07413799,0.10166251,0.12314019,0.10488004,0.093333654,0.10181646,0.24314727,0.13458985,0.06498458,0.09588296,0.21364878,0.060112655,0.16005018,0.114774585,0.23974016,0.17344728,0.2735721,0.19316593,0.15609345,0.18167068,0.13792813,0.14014746,0.14191657,0.11814285,0.24311677,0.17807104,0.10335398,0.11133143,0.15195352,0.15835795,0.21823095,0.22267948,0.115325764,0.10516507,0.13506123,0.069760025,0.11412032,0.098221764,0.057634532,0.05049577,0.06865704,0.08602968,0.084022775,0.13259345,0.040466093,0.072310954,0.05515258,0.049077857,0.15272409,0.3116337,0.13043456,0.09533133,0.13070737,0.083784506,0.10132174,0.13313018,0.06896856,0.07313988,0.14769003,0.043196928,0.09304733,0.12169793,0.09738236,0.076509275,0.16663268,0.09850891,0.11753816,0.16979869,0.15864135,0.06559384,0.14560506,0.09054832,0.04706785,0.089544766,0.04398425,0.055868205,0.17979021,0.12846987,0.07362257,0.111944415,0.12637934,0.14834109,0.09268106,0.05118597,0.091535024,0.061147034,0.08976704,0.07838628,0.10294379,0.056146752,0.0917492,0.05120073,0.08551924,0.08480263,0.13035806,0.07933614,0.19801053,0.05110575,0.22806136
0.118947454,0.084266774,0.082765296,0.05405021,0.14038104,0.17140044,0.19634393,0.10016391,0.11665306,0.107021354,0.07469383,0.12366564,0.1666219,0.11787566,0.10922633,0.11811543,0.1398854,0.13300075,0.1611958,0.18840791,0.15872815,0.19776833,0.14367925,0.16135201,0.14824066,0.13437442,0.12927897,0.1296754,0.13711919,0.13310032,0.12954931,0.14065741,0.11031423,0.109487705,0.1419603,0.17704824,0.16011177,0.12087108,0.10433942,0.08645634,0.15272704,0.15687688,0.13082424,0.16470808,0.12804978,0.13754559,0.14758419,0.20794897,0.12929629,0.12454397,0.13007893,0.14578834,0.10111418,0.13117322,0.08714851,0.10322395,0.1666852,0.18575421,0.18563533,0.16984907,0.13989733,0.15232134,0.2025885,0.18902779,0.18225709,0.17463256,0.14221536,0.19194752,0.16765279,0.119329356,0.16338918,0.21525955,0.21394578,0.29999423,0.17513461,0.27238053,0.2920127,0.22512978,0.18753,0.24541903,0.30767834,0.21981801,0.17911927,0.1283169,0.20141488,0.13254258,0.088134855,0.14743046,0.1894913,0.15688474,0.12882881,0.101698734,0.07234495,0.10772556,0.13852535,0.16226302,0.22081713,0.257258,0.13592984,0.16430579,0.31990394,0.14927435,0.15504093,0.19828306,0.1329933,0.17821942,0.11038157,0.10921873,0.11689797,0.13331875,0.17751437,0.13797835,0.11502465,0.11077733,0.15789974,0.06549333,0.083178386,0.08306033,0.11465817,0.13807963,0.09773265,0.15262738,0.120411314,0.13504724,0.12043759,0.19242044,0.14865555,0.18467277,0.12786351,0.19928707,0.12424052,0.20592059,0.12204324,0.11567706,0.091744676,0.13946594,0.1277829,0.17380613,0.07084602,0.11363617,0.115326,0.13582118,0.13091034,0.14852518,0.10031375,0.08422856,0.0850549,0.10908131,0.12780067,0.19589373,0.20465365,0.09952377,0.16060136,0.145304,0.14094618,0.16253339,0.09216374,0.123000905,0.1291534,0.14531505
0.093989074,0.060629334,0.068422936,0.07152365,0.0743063,0.07362139,0.046258483,0.065324225,0.033454314,0.048973683,0.03967044,0.056542993,0.0473224,0.04288797,0.036203958,0.055447802,0.0859146,0.07831613,0.02553364,0.050794248,0.06988496,0.035408523,0.020790296,0.030389985,0.038081266,0.03903817,0.034656633,0.11898692,0.05362536,0.045445424,0.047414947,0.03694807,0.070821755,0.12345604,0.062313743,0.085327834,0.033548456,0.04772276,0.042809814,0.032611176,0.04912452,0.044909235,0.038398214,0.061751623,0.05775474,0.080847435,0.09378626,0.043764174,0.050145935,0.049359564,0.05099954,0.06396864,0.060698096,0.04953539,0.05710234,0.067527145,0.05150141,0.03780046,0.07317224,0.07644993,0.05997271,0.04999497,0.075798586,0.053539168,0.046800584,0.050948504,0.056518372,0.05725277,0.08283754,0.08549996,0.0519813,0.080453075,0.06429538,0.069902755,0.07328914,0.08830259,0.08372409,0.07155067,0.067263134,0.058953375,0.075883,0.07914886,0.066012375,0.056550957,0.076524176,0.07689077,0.055808507,0.04971726,0.06253072,0.095961176,0.081904635,0.0718311,0.08685086,0.10194622,0.08008093,0.0841476,0.07076943,0.09748131,0.08858641,0.06385392,0.07684101,0.073717244,0.090579614,0.085630566,0.08797458,0.06690803,0.07281672,0.04933455,0.06026095,0.048580416,0.0722329,0.05489181,0.046127692,0.05535232,0.054728292,0.08120651,0.102750726,0.07063939,0.064438805,0.0810085,0.048021935,0.056722164,0.051218178,0.051618744,0.04772554,0.064536944,0.06760293,0.065079965,0.051006205,0.066730104,0.059143342,0.061380386,0.07470089,0.060508046,0.074992254,0.053243656,0.05931023,0.07126793,0.044852484,0.05395878,0.053073872,0.08626344,0.07286784,0.07577237,0.04966773,0.050117366,0.046194468,0.059972193,0.07776791,0.098576926,0.08043131,0.06909874,0.05351182,0.059412856,0.06721458,0.081025325,0.10094057,0.08635815,0.05175574,0.06549995
0.22586147,0.20125616,0.23874064,0.2022047,0.1636437,0.15392318,0.15345094,0.17472869,0.16614231,0.19284251,0.18275547,0.11089289,0.13284908,0.16256109,0.110033154,0.19787802,0.13008083,0.1586718,0.09876692,0.12966406,0.18954808,0.24526167,0.17358054,0.14334422,0.13377567,0.1456619,0.17795715,0.21486965,0.15477751,0.09289142,0.15008087,0.18788224,0.16008413,0.18744045,0.176401,0.11687738,0.1222789,0.16730341,0.141111,0.106771216,0.17124425,0.14739399,0.19543256,0.16452841,0.19548029,0.18309619,0.18912496,0.10863375,0.1768415,0.15153818,0.16567983,0.11016809,0.17577061,0.14310783,0.17832695,0.19178319,0.13481104,0.27765685,0.3468538,0.32101253,0.24188423,0.16333908,0.21839282,0.16488135,0.16112047,0.1336601,0.13257572,0.20258524,0.2169566,0.10583544,0.109304115,0.20068921,0.11468534,0.15466253,0.123691946,0.18294653,0.21263759,0.22002731,0.15448312,0.14973494,0.1687034,0.12517244,0.21873821,0.15263851,0.1598624,0.20823625,0.13897139,0.10860447,0.17032336,0.17876688,0.17950913,0.22400625,0.27986723,0.24706493,0.22765566,0.17598735,0.14631641,0.20150019,0.18460241,0.12870267,0.13307862,0.10996356,0.15816335,0.14896098,0.21109961,0.11412751,0.15413213,0.13079323,0.100010045,0.2602428,0.37835032,0.25563052,0.19069906,0.17323698,0.15716429,0.15208247,0.18507887,0.16999343,0.13564192,0.21190882,0.10588883,0.13610953,0.16994804,0.1243569,0.11558949,0.21390282,0.14219594,0.12217309,0.19365054,0.17665838,0.14382428,0.14373934,0.1558258,0.11847748,0.1783612,0.1040753,0.12111928,0.26265025,0.1422557,0.14510776,0.19499776,0.17783085,0.19919646,0.14968005,0.11722142,0.15376888,0.16922647,0.18680212,0.1517806,0.23187454,0.16912164,0.13890819,0.11673208,0.115998745,0.12470365,0.21089959,0.20118171,0.21575893,0.09657972,0.28777182
0.09365222,0.09446739,0.10815437,0.13093418,0.14224957,0.12636456,0.113973275,0.22795384,0.16193601,0.11416301,0.07558082,0.10905583,0.08729424,0.114576355,0.11622933,0.0929115,0.1172975,0.115251616,0.12490372,0.1405123,0.13691768,0.075237304,0.11369668,0.11428851,0.17181958,0.14283338,0.14333946,0.21426009,0.120311424,0.14700882,0.15932688,0.13603559,0.1187276,0.19095697,0.16162933,0.15997493,0.13313895,0.14225775,0.1453129,0.12514746,0.15349099,0.14229251,0.09724219,0.18174812,0.13576274,0.17129076,0.1594371,0.12251343,0.15916348,0.1393955,0.099515714,0.146189,0.15201607,0.15832898,0.15461312,0.16992714,0.12904432,0.09602187,0.20564766,0.10121006,0.11701665,0.10214255,0.1254319,0.17750087,0.12421841,0.15281768,0.16175969,0.15761718,0.16374937,0.11540666,0.10325959,0.12296264,0.15881118,0.25106162,0.17040399,0.12893862,0.12690912,0.17442667,0.1514126,0.14472826,0.15095781,0.16403225,0.10450326,0.1386534,0.1594636,0.12560335,0.12317758,0.16772833,0.17551696,0.1901911,0.15948963,0.09663875,0.14341994,0.16450995,0.17432669,0.1357391,0.1543461,0.28113997,0.2262236,0.20297523,0.19360949,0.10490881,0.12868404,0.1892786,0.16740291,0.15090385,0.12813681,0.15079236,0.115008466,0.08520103,0.19239107,0.079840586,0.09175187,0.15141143,0.12390031,0.14183393,0.15063116,0.13857692,0.122182414,0.11541162,0.086873725,0.10094803,0.16990021,0.18422268,0.14236972,0.13764022,0.14652792,0.1239131,0.119471185,0.13976179,0.14292279,0.15430905,0.13847512,0.09513772,0.14035349,0.15263471,0.13333833,0.11044322,0.13106222,0.09278046,0.1214182,0.15085854,0.1348058,0.121206015,0.13123359,0.13385141,0.12352508,0.13909067,0.13906974,0.16424625,0.14037691,0.128842,0.13352962,0.120782085,0.12690046,0.16096227,0.14252593,0.13877672,0.14265269,0.10851108
0.1490421,0.12673979,0.1384415,0.13335088,0.14415278,0.13603036,0.18510757,0.09398116,0.10923446,0.124179326,0.11215126,0.09924558,0.14543709,0.07593044,0.12027691,0.13268018,0.15736766,0.10138414,0.13344646,0.07279807,0.095878825,0.16586444,0.1887794,0.1751354,0.10241651,0.21205083,0.28944468,0.16553153,0.21554099,0.097324796,0.3394366,0.2981925,0.27705854,0.13871168,0.21533316,0.09984686,0.19439828,0.1815265,0.12188126,0.1525879,0.17005178,0.2402248,0.18300635,0.15647426,0.18892173,0.19737722,0.120593496,0.19999643,0.22011133,0.113398574,0.09513196,0.16801502,0.067217305,0.27385738,0.25846064,0.28952166,0.14103547,0.15597935,0.086004496,0.15497634,0.15834852,0.11689326,0.12714519,0.19391316,0.19209494,0.2003795,0.25809833,0.2200392,0.17821498,0.22139333,0.25883082,0.2504316,0.25088084,0.20279273,0.1858006,0.22734593,0.30907562,0.27551466,0.20391108,0.16557229,0.15512045,0.11933576,0.15280767,0.19920601,0.23776184,0.22608536,0.18032198,0.2111978,0.17557809,0.19990516,0.15808277,0.17161268,0.19594727,0.18124478,0.18965267,0.12590602,0.16298085,0.20292576,0.13675064,0.13359706,0.20814973,0.18340969,0.17488106,0.20867866,0.13938007,0.13526738,0.13956799,0.12715869,0.07461548,0.15812823,0.0917522,0.16454412,0.11587856,0.17520288,0.17469203,0.18357608,0.16201279,0.14163741,0.1478198,0.1525419,0.12192503,0.15358374,0.14480028,0.12198643,0.11797324,0.1737064,0.07822181,0.08939075,0.17953525,0.16010149,0.16697532,0.069194734,0.096151456,0.12534596,0.16568254,0.12617469,0.1686682,0.13927886,0.15732932,0.20583513,0.21795247,0.1988676,0.22100373,0.16549057,0.20015614,0.14821719,0.17499816,0.22555248,0.16759586,0.1869825,0.11969875,0.16944346,0.08036222,0.12862502,0.19043177,0.1871545,0.11669591,0.101703644,0.1067767,0.11911468
0.21857184,0.259925,0.3234044,0.43592808,0.2305568,0.18759042,0.21788606,0.33417973,0.24252596,0.25668398,0.22951467,0.363018,0.23279926,0.32467845,0.21933371,0.24917188,0.17670447,0.20997539,0.2130344,0.21575846,0.25567102,0.22880135,0.28368723,0.29497933,0.2633069,0.25560665,0.33247295,0.49760923,0.2457002,0.29709724,0.28704688,0.34624732,0.4039445,0.31956813,0.22605424,0.27120927,0.21619181,0.24819346,0.22630405,0.30278152,0.2843926,0.3873388,0.32367283,0.3442635,0.36188152,0.4564832,0.34685868,0.29742092,0.2750579,0.17677483,0.19982024,0.19898635,0.31463867,0.20917395,0.21923473,0.2527816,0.26969823,0.209372,0.17241707,0.29810727,0.25014502,0.23725082,0.22488877,0.22597693,0.25399336,0.32234538,0.32329693,0.2836538,0.31148225,0.2844911,0.33434457,0.30544382,0.34549356,0.27498046,0.28886124,0.30148658,0.32269773,0.3043935,0.23311669,0.25092283,0.2739804,0.22450475,0.34743324,0.3020375,0.34704015,0.27072653,0.2909676,0.2638484,0.35664126,0.24932843,0.2690078,0.22490686,0.39249182,0.3425218,0.2758118,0.2046079,0.1883316,0.22493401,0.27213988,0.2201452,0.24389337,0.21168531,0.22601022,0.22985885,0.30077302,0.23601964,0.25002697,0.19569321,0.24532512,0.23984642,0.17917986,0.2663096,0.27240735,0.31750396,0.32131305,0.27508485,0.37350798,0.34118822,0.3236881,0.2952733,0.2706782,0.22744198,0.23683238,0.24728914,0.20288765,0.22634819,0.23613551,0.19475223,0.21173729,0.18105592,0.21909067,0.17584388,0.23964584,0.2886828,0.28828365,0.27518886,0.29235223,0.2988711,0.1929435,0.18693265,0.20570278,0.22654812,0.22188959,0.17683716,0.20523761,0.20519933,0.19831547,0.19167015,0.23024681,0.25516275,0.22759366,0.2311804,0.25804502,0.3182851,0.32071257,0.33919644,0.3277589,0.19228193,0.38632554,0.23296455
0.072642334,0.07231926,0.066586785,0.054761425,0.065758266,0.053717684,0.09335943,0.07693806,0.10183674,0.074813046,0.054008067,0.075522326,0.04817356,0.07103338,0.04633091,0.056294728,0.05303273,0.04100235,0.081949085,0.054118134,0.06746745,0.0650574,0.044254452,0.05385307,0.04109127,0.05814318,0.05873626,0.058683988,0.06311625,0.0815771,0.05560211,0.061865162,0.061804853,0.060813162,0.05323011,0.07578738,0.04816245,0.07296359,0.059094213,0.069276266,0.059327435,0.06370936,0.058714304,0.080440946,0.078775115,0.049640376,0.058971953,0.09926018,0.10658846,0.0833558,0.06890261,0.081316836,0.0683787,0.096188545,0.08716701,0.0888939,0.10095901,0.06042764,0.10690602,0.09497637,0.07208035,0.071174696,0.06505395,0.076623596,0.070000984,0.11155417,0.06268489,0.060068484,0.059849504,0.090879224,0.0654915,0.08015517,0.113642454,0.09726587,0.07927788,0.061867386,0.058134057,0.057221424,0.041906722,0.04667371,0.052343626,0.0495154,0.09739139,0.091224276,0.09409034,0.07816656,0.05891624,0.1107975,0.12609096,0.12236182,0.22708721,0.091955006,0.06680189,0.08861156,0.10231647,0.08026257,0.14509752,0.11427498,0.09322639,0.12551135,0.18965922,0.08403686,0.17561126,0.14700791,0.0601894,0.14333959,0.19135293,0.093257636,0.0906025,0.07516094,0.105929755,0.115279704,0.06592997,0.07038005,0.073780455,0.048907954,0.045533888,0.07414838,0.11947932,0.061327815,0.11309259,0.07318701,0.06698686,0.09678675,0.08571953,0.06968555,0.08019076,0.05960479,0.05813316,0.05298424,0.103367046,0.049845837,0.073748596,0.06507957,0.07708328,0.073465504,0.06417767,0.11023863,0.06716178,0.07898499,0.06928002,0.07133279,0.061590545,0.07058954,0.104186416,0.060614944,0.06018962,0.07566624,0.11159289,0.09039631,0.10441863,0.078341626,0.07512241,0.09009839,0.09728507,0.05404107,0.061291568,0.043530762,0.066439115,0.0772581
0.12319125,0.13467112,0.21010394,0.18217205,0.11673854,0.07643279,0.12290031,0.11381241,0.10489699,0.15893695,0.12552485,0.12657575,0.11839102,0.16206361,0.11533435,0.17398354,0.09555529,0.08549964,0.12505531,0.07073445,0.111701496,0.105681755,0.095346935,0.10201541,0.12927188,0.09977261,0.15672722,0.17092328,0.099637695,0.115636766,0.10287394,0.15215082,0.22504844,0.13192149,0.067973785,0.12610838,0.09215761,0.12682885,0.101239786,0.13229932,0.08919505,0.16776952,0.23337708,0.17932026,0.13267307,0.14533496,0.1091694,0.1349176,0.108997986,0.11283786,0.122387625,0.14225641,0.09856286,0.12796438,0.13037439,0.16645981,0.14607692,0.13181454,0.20529898,0.14129102,0.15022849,0.08444671,0.09485555,0.09176874,0.0876784,0.13000156,0.14151846,0.17917039,0.090519965,0.14451599,0.1198499,0.17923649,0.15642177,0.1584321,0.1273702,0.10831082,0.10570456,0.08916859,0.09393136,0.07946522,0.07304592,0.07906422,0.14541556,0.1282412,0.15532918,0.16992262,0.13183771,0.13915543,0.14889382,0.11065397,0.15176505,0.13148537,0.21704501,0.15790516,0.10873523,0.0865407,0.12504238,0.13289586,0.1383485,0.13116781,0.15724544,0.11670876,0.16411498,0.16103375,0.16823769,0.16529079,0.20331565,0.09260228,0.15551825,0.15977508,0.18973306,0.12092211,0.11360972,0.13164221,0.123867996,0.15735851,0.18853836,0.14912623,0.14548156,0.1444945,0.13459277,0.110632464,0.1041954,0.12056602,0.1014927,0.12755461,0.11813265,0.08455258,0.16693074,0.09867876,0.092914306,0.06996262,0.0877049,0.10987874,0.1124699,0.14558879,0.12751716,0.14176704,0.08311081,0.0859048,0.152476,0.10593761,0.12235015,0.07838593,0.10339709,0.08667225,0.08526242,0.094172314,0.09674997,0.088686295,0.13625328,0.096620284,0.1404951,0.17876439,0.12496441,0.11797918,0.13273937,0.252945,0.13729653,0.13924208
0.07606322,0.08769529,0.1058184,0.077979505,0.096416615,0.07699814,0.09271912,0.07666405,0.08533091,0.10052541,0.09120466,0.10190612,0.08577488,0.08607328,0.0922369,0.08747396,0.077597484,0.07569209,0.09619846,0.10762663,0.07849781,0.071994014,0.08417776,0.06691217,0.08583025,0.08799737,0.07190201,0.10711953,0.07888061,0.103872225,0.09109704,0.09049631,0.093281545,0.11583131,0.08655808,0.124446236,0.09107222,0.0881662,0.07147876,0.06586147,0.07490463,0.07102353,0.05053054,0.10163217,0.07981049,0.08436764,0.09275563,0.09004134,0.063349575,0.061520804,0.055296157,0.054179985,0.09503045,0.06891491,0.06768457,0.070892885,0.07004144,0.07428617,0.09778655,0.06530935,0.068704106,0.055527966,0.08227901,0.07986862,0.08057365,0.07211401,0.063719355,0.059748664,0.073961906,0.08862626,0.094720945,0.06714338,0.07750724,0.09351224,0.08436764,0.065822706,0.07321337,0.0813065,0.06837141,0.060616862,0.063666075,0.067193605,0.08260926,0.08130624,0.0926452,0.07242319,0.07196501,0.08650455,0.09173687,0.08630376,0.09776214,0.09888721,0.1562203,0.14670596,0.121333,0.11204083,0.11307229,0.11067065,0.10186405,0.10038138,0.11531832,0.076368965,0.09349962,0.09853698,0.09827795,0.08699202,0.10953064,0.10503201,0.0837214,0.084592834,0.081472486,0.06850806,0.06328367,0.088686295,0.08661489,0.061969254,0.08958557,0.082274556,0.082334585,0.07494336,0.06696928,0.06338805,0.0726614,0.0905194,0.09636887,0.06990809,0.11363447,0.16518272,0.08265828,0.09243436,0.080275916,0.12934479,0.094036944,0.06725233,0.074970976,0.089574255,0.07424182,0.0685793,0.07226501,0.06972671,0.058209155,0.07076217,0.06570454,0.05318413,0.057319846,0.06854084,0.061517954,0.06679608,0.0702365,0.06829841,0.047256142,0.067246415,0.053524632,0.06560143,0.06862604,0.059710655,0.085199624,0.06949469,0.07747752,0.08088649
0.12802902,0.07840647,0.1160672,0.08809173,0.13111003,0.09390797,0.07819847,0.1146706,0.13872032,0.08859596,0.07733298,0.07661624,0.06675459,0.07787313,0.08231259,0.10983206,0.12726659,0.106496856,0.10587443,0.1280158,0.1218976,0.10388651,0.077826165,0.08968024,0.08621801,0.083267234,0.11459482,0.12370499,0.15611385,0.1050084,0.106342204,0.11307885,0.088924736,0.19063322,0.19436166,0.13124843,0.07082225,0.097626165,0.06025792,0.09268105,0.08888415,0.11932162,0.07265951,0.09025973,0.1100286,0.10433153,0.15901807,0.10177316,0.081601985,0.06701694,0.0773236,0.06638039,0.08653639,0.083953284,0.073034085,0.0784908,0.100128025,0.09898621,0.115221,0.09472478,0.091845974,0.08291115,0.070829235,0.0749594,0.0721025,0.11073115,0.08296229,0.08470806,0.08715956,0.08521927,0.06380101,0.089106396,0.06761465,0.07578799,0.07708448,0.108567536,0.15232094,0.11072209,0.11312678,0.09535046,0.120744966,0.10808576,0.08526221,0.069065414,0.0796524,0.07916577,0.06840123,0.08678033,0.09510922,0.0784262,0.120438814,0.09043778,0.10077339,0.10118494,0.14275198,0.13026041,0.11010818,0.13428633,0.11627164,0.10335326,0.13655162,0.052159827,0.06356874,0.0790501,0.07428077,0.08350758,0.0560825,0.07141887,0.051957686,0.07998019,0.12897618,0.0721086,0.055464514,0.071879655,0.0791669,0.061820157,0.107634805,0.11376308,0.10834628,0.12634508,0.07175438,0.05962332,0.05919618,0.094068244,0.08912191,0.118446834,0.1159683,0.12739791,0.10373624,0.12220243,0.070091054,0.11533401,0.10456498,0.07763918,0.08044584,0.07763828,0.066813536,0.07474842,0.06998576,0.07727578,0.0781903,0.10070283,0.09791498,0.089037985,0.06351399,0.05925354,0.06382706,0.068228304,0.10402821,0.09434599,0.08030208,0.06826003,0.07200658,0.10392902,0.07869035,0.10261091,0.09118945,0.12306952,0.087515905,0.079421364
0.1704055,0.10969349,0.16224182,0.10497745,0.13269047,0.10555324,0.09629731,0.09668834,0.07891149,0.055287566,0.04835128,0.050501,0.0760653,0.06132808,0.09190546,0.10755315,0.13796821,0.05902338,0.083146736,0.12157811,0.10042264,0.09111159,0.07814519,0.07425679,0.06747184,0.057333328,0.07552305,0.073528044,0.07213756,0.07399813,0.080574624,0.08708589,0.0955354,0.10527673,0.08516742,0.10172776,0.07168837,0.0925199,0.05290042,0.036545303,0.063953914,0.055986524,0.047862437,0.06553564,0.055316217,0.057658665,0.048903007,0.05075484,0.046766274,0.06288428,0.051233348,0.059422284,0.059476603,0.09965667,0.091404915,0.10642131,0.0724197,0.0616369,0.109528415,0.08422093,0.072511986,0.05719306,0.07520769,0.08580967,0.072921984,0.08332476,0.056528334,0.05857243,0.060416434,0.0645361,0.0556397,0.05121119,0.06570525,0.11540851,0.064599,0.05570823,0.0609157,0.06319868,0.06368562,0.038290884,0.0404509,0.039253388,0.052590474,0.041354876,0.063006856,0.044545073,0.051595982,0.051900767,0.056717943,0.0452354,0.070307076,0.039197296,0.07077293,0.05329884,0.045005113,0.05412538,0.06980363,0.08621465,0.07115241,0.053650834,0.06009878,0.041057847,0.067604706,0.053766645,0.050758306,0.06401327,0.06022797,0.08614109,0.033718184,0.047007415,0.10125705,0.06847079,0.05321959,0.065877244,0.053839605,0.048090115,0.050432097,0.0473903,0.049877472,0.042198848,0.034124963,0.045697674,0.051953815,0.07766408,0.06486593,0.066951856,0.09177043,0.17630145,0.08856809,0.10894585,0.073690675,0.12957883,0.10821372,0.06131359,0.05294165,0.06853443,0.055954844,0.0579491,0.053893067,0.055675574,0.069694616,0.09652072,0.06306583,0.07508064,0.056215923,0.058109052,0.054821063,0.07329118,0.06697649,0.0831043,0.059005268,0.061155684,0.04573537,0.050188858,0.050532963,0.048132952,0.04604097,0.051798824,0.05650582,0.06159327
0.07048116,0.055558242,0.08372642,0.047284108,0.08560946,0.07786286,0.09596992,0.08024114,0.06610564,0.05575923,0.056536358,0.0701734,0.055015,0.05790458,0.064721145,0.08043807,0.08743249,0.064446926,0.08691603,0.07474467,0.07434961,0.07629593,0.07674608,0.078064166,0.056193512,0.056765813,0.08212354,0.081334695,0.08343988,0.06809492,0.07588052,0.09091024,0.08647568,0.10127504,0.06905933,0.07413715,0.057930138,0.05657788,0.0625393,0.042890303,0.048651386,0.061447702,0.048707437,0.08612449,0.06776574,0.058767512,0.0685377,0.06324793,0.054666582,0.056339372,0.045254905,0.049774896,0.058835857,0.0893079,0.07417025,0.07916453,0.063522846,0.055841804,0.10325431,0.08479498,0.060045168,0.042718276,0.051120836,0.054491915,0.050720263,0.06360437,0.050362635,0.06018476,0.06277947,0.06442592,0.056415625,0.05860232,0.063840784,0.10343193,0.06968855,0.06614243,0.06790846,0.064113386,0.05032297,0.05511535,0.067705445,0.06806435,0.06580331,0.052392274,0.06490098,0.06509291,0.050631553,0.06450793,0.087261215,0.07259457,0.08200187,0.06693777,0.103947185,0.05923501,0.06316815,0.06391915,0.097528495,0.08887426,0.081549615,0.055000734,0.100527495,0.06311022,0.091653466,0.07878813,0.06365762,0.06409339,0.07024702,0.08140443,0.056776125,0.051003788,0.096947454,0.0712924,0.052812207,0.06647074,0.059661567,0.06296647,0.058481127,0.04324685,0.051402222,0.05022338,0.05072852,0.048935108,0.0607642,0.08853719,0.057244707,0.080461435,0.0721639,0.11236543,0.08132528,0.08377431,0.05972397,0.08089101,0.07669797,0.06575579,0.06278835,0.07035441,0.056505274,0.06374989,0.047500562,0.05269097,0.059798412,0.057992544,0.040166747,0.057341754,0.05015614,0.045462307,0.053637583,0.057568613,0.059781536,0.05998864,0.043956127,0.05340422,0.046332262,0.0453096,0.037035994,0.05307957,0.05322776,0.061615963,0.057795353,0.060838044
0.23474056,0.21348734,0.28850698,0.20470846,0.24025008,0.1836128,0.2226313,0.18882094,0.19102238,0.20530449,0.19697909,0.19770414,0.16825104,0.22397721,0.14886422,0.18894537,0.16921823,0.14931582,0.13466504,0.15642235,0.14436948,0.17753893,0.14245689,0.16551949,0.18516664,0.14831555,0.1778323,0.20513535,0.14343706,0.16161396,0.18668039,0.2160972,0.19056115,0.17163363,0.16029564,0.18178637,0.21656828,0.2566705,0.20217498,0.19023699,0.14649063,0.16927837,0.1887966,0.16483943,0.17203306,0.18805897,0.20565249,0.178541,0.17023082,0.16892362,0.17940752,0.14465193,0.17373091,0.14214984,0.13263562,0.1703095,0.14572969,0.16662192,0.20195559,0.1977637,0.19053261,0.20190941,0.24406087,0.19367307,0.2320164,0.2471778,0.18157117,0.23636144,0.18237205,0.2302874,0.24120727,0.26181576,0.24623707,0.2651923,0.22901164,0.21447442,0.25868797,0.1838797,0.18462831,0.20897204,0.1997161,0.18137722,0.26523173,0.22622722,0.31729862,0.24028711,0.2098425,0.25761664,0.25114003,0.23253438,0.27511427,0.23891461,0.31173852,0.26481393,0.24246259,0.23522729,0.26197645,0.31752166,0.28515524,0.25930935,0.36109114,0.33766726,0.29388365,0.2781383,0.21942961,0.26363435,0.2096253,0.16964065,0.19831549,0.20371951,0.22311652,0.19416374,0.23919955,0.2696013,0.27331167,0.19190308,0.20604417,0.22803223,0.27539736,0.31956503,0.1676108,0.21512397,0.22097947,0.19693865,0.17191702,0.1721098,0.1609613,0.20237459,0.17333233,0.18971722,0.19087686,0.180666,0.16780508,0.19295327,0.17756812,0.20843701,0.18095191,0.2531372,0.17107914,0.22081278,0.20348914,0.22030762,0.17885791,0.17169403,0.19367807,0.17865382,0.1695266,0.18894938,0.17445055,0.17461362,0.17294008,0.15503347,0.16635235,0.14920451,0.1936041,0.18656069,0.14851752,0.20084122,0.21614906,0.18885599
0.2531479,0.2221654,0.17480989,0.14874156,0.12910631,0.12071898,0.17356196,0.14475468,0.20161554,0.23544195,0.16969402,0.17382658,0.2086733,0.18850969,0.1752053,0.22680129,0.18892823,0.11784519,0.18476756,0.19432348,0.1844133,0.10606178,0.119074054,0.15474322,0.15453553,0.1690092,0.24618152,0.17348371,0.221344,0.14280166,0.28955427,0.25213867,0.20172179,0.15076104,0.18554835,0.23693074,0.1686297,0.13235971,0.11009788,0.17228341,0.15867521,0.25326282,0.23502181,0.18050067,0.20109689,0.22092889,0.17892292,0.1652884,0.101617604,0.08417993,0.0878183,0.11226029,0.12483112,0.14125228,0.144366,0.16967718,0.15103017,0.18274942,0.121755406,0.2004156,0.21785447,0.095499,0.16186866,0.14651701,0.1596025,0.18269645,0.26679564,0.29076415,0.28361923,0.20521836,0.37697956,0.30765855,0.25857484,0.31492323,0.5233761,0.519519,0.66640604,0.2683068,0.29214022,0.28097537,0.2927905,0.2180389,0.21772945,0.19802147,0.21560156,0.23963743,0.24298692,0.21554968,0.2898871,0.2814508,0.3962331,0.2320354,0.28864887,0.30636466,0.3708057,0.29372996,0.34076425,0.33132404,0.40384603,0.4790926,0.36372122,0.19849245,0.38335675,0.27826083,0.29601845,0.22902961,0.2963248,0.25444713,0.18702056,0.16098996,0.121489614,0.16389285,0.1345667,0.21756089,0.21184786,0.16779049,0.2625191,0.22099681,0.37731013,0.262301,0.13984,0.19077164,0.28764287,0.3158799,0.22331133,0.2011396,0.22429568,0.16974767,0.22150055,0.20455115,0.18368691,0.16304274,0.14747564,0.258817,0.37130922,0.26933247,0.3338321,0.18561493,0.20824812,0.14471163,0.1950457,0.2058988,0.19718537,0.20351289,0.15846896,0.1864632,0.1307852,0.104091965,0.14784512,0.17064929,0.24828222,0.17413935,0.1646533,0.1956833,0.19609183,0.22355914,0.07495471,0.5480812,0.13094899,0.17179063
0.11117966,0.110531636,0.15561707,0.110643014,0.18155125,0.19681963,0.10650978,0.1442319,0.17095412,0.23011172,0.20061016,0.16884886,0.1304805,0.122601695,0.12248051,0.16511296,0.18087858,0.10597252,0.14868593,0.11962295,0.18462594,0.15026005,0.16500367,0.16769479,0.12908961,0.16366315,0.18830034,0.18214284,0.22855006,0.13553774,0.14012253,0.17206177,0.18942943,0.17553607,0.18565802,0.20701782,0.17393766,0.17255245,0.13240443,0.13349342,0.17990531,0.14512953,0.13970716,0.15220731,0.11635838,0.15684842,0.13630994,0.16431114,0.15683107,0.14965457,0.13316616,0.11192608,0.1238837,0.17612505,0.2239904,0.22534153,0.18440126,0.11417545,0.13791548,0.12382056,0.12549232,0.13820828,0.18920285,0.15306501,0.14079992,0.23869847,0.1506219,0.10959438,0.1296345,0.14719783,0.16835451,0.16579942,0.1690412,0.18293056,0.1715579,0.13907152,0.2242645,0.1775005,0.15712021,0.23418888,0.2839512,0.23237757,0.15969464,0.14096071,0.16356456,0.22383125,0.23865011,0.17641032,0.17722477,0.24281791,0.3150522,0.22279713,0.3403371,0.23029211,0.31559408,0.21117382,0.1853595,0.284865,0.23472002,0.21908507,0.25998467,0.2297614,0.20797448,0.16982675,0.23060681,0.2086973,0.20339352,0.20732659,0.19940741,0.1495329,0.13707556,0.17479217,0.19186984,0.14719917,0.1754272,0.11661161,0.121098354,0.13265488,0.20874806,0.20100501,0.15715832,0.1586621,0.1436197,0.18074,0.14695902,0.20644216,0.16295868,0.16458504,0.23661244,0.2650809,0.16166292,0.17782561,0.19318466,0.21063764,0.20817281,0.21212272,0.21140985,0.19517298,0.19290659,0.16680019,0.19183965,0.22491682,0.19624215,0.21769631,0.17873788,0.21165103,0.1413718,0.11827609,0.13119954,0.16951479,0.13993795,0.18759502,0.13448927,0.20871848,0.14804421,0.1277759,0.13732743,0.11166653,0.1712986,0.15703362
0.10064104,0.07923161,0.08503744,0.0870282,0.087232225,0.090293474,0.074076384,0.13317056,0.10999373,0.09254429,0.0774649,0.12055108,0.06621788,0.09030182,0.08880796,0.08668441,0.08616906,0.09298814,0.096982256,0.12546189,0.10569277,0.0826014,0.07137699,0.07432341,0.08613754,0.08944586,0.08679903,0.10302098,0.09706929,0.10988429,0.10099394,0.098275155,0.1536515,0.13149366,0.106729046,0.14981219,0.118575506,0.111261606,0.096710004,0.09385821,0.08468727,0.06920431,0.093674265,0.11046191,0.08530122,0.12911683,0.13579917,0.12509339,0.10086735,0.11324524,0.087252796,0.06451972,0.18889037,0.08526848,0.10095684,0.11643082,0.14032799,0.0851823,0.15309326,0.058164947,0.08113786,0.07051557,0.08669706,0.059247717,0.057452362,0.09361536,0.085594244,0.079108365,0.103706725,0.15292242,0.124209054,0.107778974,0.1335657,0.09650596,0.14352317,0.09713631,0.14691857,0.1667192,0.17053016,0.17049854,0.16418009,0.19060536,0.13765249,0.09150188,0.13937016,0.12963125,0.121990226,0.11415974,0.13223703,0.15229498,0.11919029,0.1261739,0.15789734,0.1821855,0.13937715,0.12129607,0.19062965,0.20820686,0.19285944,0.27187443,0.23214926,0.15131861,0.20581691,0.19257547,0.19177264,0.18091017,0.14450431,0.15808247,0.17337234,0.12828359,0.15572903,0.07038216,0.11196317,0.058232825,0.070805505,0.08109872,0.1600764,0.17994446,0.16806601,0.1250127,0.11391146,0.10525944,0.06190552,0.17260005,0.13057241,0.13593574,0.12692906,0.13890706,0.11011796,0.1207729,0.13853376,0.14757816,0.13040562,0.11323447,0.11684113,0.10221674,0.077217005,0.106611796,0.08218824,0.108707815,0.098812796,0.11689934,0.12264986,0.1149469,0.1363941,0.091428906,0.07998288,0.11908603,0.12171789,0.10236156,0.0807619,0.12665483,0.08151943,0.08505143,0.09222319,0.083915174,0.11288488,0.21244973,0.14593409,0.11818361
