0.005452408,0.286893,0.3094439,0.26792273,0.277243,0.27632734,0.29879782,0.2542395,0.3026478,0.27558726,0.29687375,0.30118245,0.28959188,0.2910646,0.28717297,0.2853395,0.30572647,0.26982453,0.26949406,0.25996304,0.27753282,0.2556516,0.2904295,0.30790442,0.27539152,0.29384747,0.27463672,0.29584566,0.26922566,0.27327073,0.27007312,0.28416777,0.30051178,0.3051031,0.25847682,0.2894979,0.30044186,0.2688664,0.27650306,0.30472052,0.276974,0.2617193,0.3045237,0.2568625,0.27252027,0.28142482,0.3019319,0.30396584,0.25485578,0.278117,0.29729426,0.30681422,0.25695547,0.27829176,0.29805613,0.25212166,0.27847466,0.30771688,0.25007004,0.28383633,0.28232574,0.27691036,0.2830548,0.30639207,0.29803422,0.28800964,0.30029237,0.26331437,0.2819059,0.26050887,0.30675647,0.26897955,0.27206054,0.26061028,0.3056269,0.2773222,0.26108953,0.2515353,0.31054965,0.26646438,0.2766137,0.28584522,0.28256613,0.26159325,0.27736926,0.2863403,0.2643189,0.28218922,0.27231023,0.2774195,0.27944532,0.3045473,0.2921743,0.26941076,0.2792609,0.2984906,0.25743154,0.29102752,0.26501596,0.2690216,0.2626168,0.2926456,0.27429274,0.26439756,0.30765465,0.2641506,0.2528771,0.27881712,0.3062584,0.26378077,0.3002872,0.30929226,0.25848392,0.29325578,0.3073954,0.30244753,0.25326872,0.29249936,0.28844324,0.27154398,0.26884755,0.30198878,0.26132622,0.30872253,0.29774415,0.30161136,0.28247884,0.27526855,0.28584543,0.2877748,0.24809675,0.27366284,0.29639676,0.26381335,0.26914018,0.27070326,0.27485597,0.2950057,0.2985293,0.28032196,0.28908202,0.27255124,0.25058755,0.30023968,0.2656978,0.25398788,0.27696672,0.30780935,0.26061803,0.26807866,0.30549416,0.26734903,0.28338212,0.27483422,0.30643705,0.2970492,0.3018059,0.27493083,0.2704917,0.27652413
0.18125494,0.09402178,0.17872843,0.11111428,0.08396031,0.07227021,0.055119965,0.04944275,0.0809374,0.06773959,0.07705452,0.060118508,0.09014179,0.065058514,0.07967655,0.064396724,0.07522945,0.07460137,0.09665446,0.05412279,0.06471561,0.080703355,0.08602637,0.07849099,0.057002068,0.12795688,0.07716296,0.05363567,0.0602443,0.09261972,0.08159328,0.116312906,0.09302493,0.071286336,0.07669615,0.09142362,0.08780617,0.07508532,0.064738475,0.09270572,0.047984395,0.05291686,0.057851024,0.055541188,0.05438666,0.077543296,0.09094753,0.071440525,0.05540663,0.0634617,0.06244552,0.071393356,0.038666844,0.05735927,0.07041191,0.04062423,0.044711806,0.073792554,0.050715048,0.05640849,0.040471096,0.042287476,0.11040225,0.110278,0.0931555,0.061819546,0.09062587,0.040062364,0.053703573,0.060925603,0.09568512,0.0737537,0.044826206,0.043421473,0.05952346,0.05016483,0.03942944,0.056519795,0.08261337,0.054065034,0.041015126,0.087062344,0.07437018,0.08780872,0.10406849,0.12127137,0.04917903,0.048422284,0.07861293,0.10899246,0.08301064,0.07672694,0.073201574,0.06545673,0.044853847,0.042720143,0.048270408,0.046934795,0.046592895,0.047215503,0.04225694,0.06964139,0.052136976,0.033605967,0.06097348,0.03410667,0.04802649,0.04707693,0.052976925,0.03251776,0.03599969,0.044737782,0.037224073,0.051934812,0.057391573,0.043351784,0.043237295,0.04606941,0.048698466,0.042850662,0.034205075,0.054585144,0.041735925,0.08225891,0.037642475,0.068361275,0.061823186,0.035975005,0.07458445,0.06319308,0.071599945,0.09568678,0.09722731,0.0696716,0.051974844,0.062527284,0.10736148,0.07008666,0.07720029,0.06282267,0.038091417,0.047367334,0.040459536,0.05600519,0.046062194,0.038465083,0.05872873,0.0731545,0.038540702,0.06368233,0.088411264,0.06281768,0.041116916,0.03567617,0.07255455,0.021446878,0.023190677,0.026016187,0.02669964,0.03329917
0.06457246,0.080807656,0.090072714,0.06952092,0.04559488,0.036947515,0.04618048,0.0445967,0.055727817,0.049208477,0.056276325,0.04185369,0.085468724,0.07418827,0.07947931,0.04313282,0.068241335,0.03412675,0.044072304,0.045415755,0.050439406,0.16852479,0.123943865,0.120262824,0.059679154,0.067783825,0.058192067,0.029018113,0.044738773,0.09157157,0.07171001,0.068516724,0.061024584,0.04334157,0.071908034,0.060609844,0.047496427,0.064153925,0.054828737,0.059000544,0.054038085,0.035143666,0.026242938,0.053636596,0.057423398,0.053701174,0.03803126,0.032451134,0.03299299,0.037669238,0.049648434,0.034636647,0.024643697,0.033199433,0.02724517,0.023890294,0.02978348,0.028068721,0.035238225,0.030049425,0.019864865,0.045943998,0.05099746,0.043526817,0.02816211,0.021733852,0.053137522,0.04304002,0.039498847,0.07138938,0.071123436,0.046234295,0.034304272,0.082253695,0.04054495,0.036727212,0.07592142,0.117836624,0.055884946,0.053277906,0.04849448,0.07346718,0.06467452,0.05585579,0.084426746,0.08235118,0.04586571,0.048534345,0.07337983,0.070349425,0.07414966,0.039033674,0.03806713,0.03188373,0.030718796,0.021863965,0.027614791,0.035439678,0.038450737,0.03164636,0.057341922,0.053177718,0.032339115,0.07353763,0.030036623,0.06616973,0.09482427,0.04231173,0.029592915,0.04906733,0.032694012,0.031031718,0.027389733,0.039308038,0.019458992,0.029973146,0.033265658,0.040000994,0.026278308,0.025272133,0.02140271,0.02915741,0.05955852,0.041331165,0.028688451,0.03241838,0.040681496,0.035991002,0.08106856,0.060926985,0.04817811,0.09010026,0.070324376,0.05226476,0.047928054,0.072767936,0.06686771,0.03803888,0.036960237,0.04554034,0.04291056,0.03721879,0.033795033,0.042086832,0.025081957,0.03421592,0.035036873,0.027655376,0.051144842,0.04320342,0.028930755,0.027076392,0.022388447,0.023270248,0.03012466,0.01858643,0.01981158,0.035245255,0.021303903,0.037781343
0.036497165,0.045246176,0.053529218,0.03607662,0.038431887,0.03300127,0.022329977,0.027878711,0.017855681,0.053005543,0.060843874,0.030693801,0.038891096,0.027275639,0.036150318,0.024536213,0.04731747,0.051216617,0.029796135,0.02762338,0.055784803,0.060727593,0.06269717,0.062276676,0.031017914,0.035828408,0.0404809,0.021335132,0.046639085,0.033800982,0.037939876,0.06152877,0.04981215,0.035308853,0.04321453,0.026756918,0.046468377,0.055353552,0.03019594,0.02992821,0.03414854,0.028542344,0.01644104,0.029309355,0.030509707,0.038314596,0.04323848,0.02750192,0.016891388,0.01913173,0.031293415,0.02574331,0.013206501,0.03738155,0.019622916,0.021719962,0.029989144,0.02020082,0.016634434,0.016964523,0.016995475,0.024922138,0.03436965,0.028877852,0.03265329,0.028186819,0.039086428,0.043716587,0.023607934,0.015107139,0.035952948,0.032499585,0.016478239,0.029171027,0.019969348,0.022971142,0.019017667,0.026234418,0.026473777,0.022933755,0.0212421,0.03775205,0.030842267,0.035206627,0.042147107,0.035323292,0.036510196,0.020982113,0.024932316,0.03201299,0.034754574,0.026701612,0.018903613,0.0113855805,0.01722377,0.023710612,0.015058169,0.013016082,0.032988388,0.021872653,0.017883781,0.024083432,0.012071904,0.014838227,0.012575486,0.012339301,0.020070529,0.017541273,0.015389553,0.016493974,0.01508083,0.009166656,0.012475785,0.011581302,0.013380206,0.011827675,0.012128126,0.014834383,0.01638501,0.026470717,0.022845648,0.0119337,0.014526204,0.026026625,0.015079111,0.014367967,0.015657766,0.019307505,0.018523145,0.024739277,0.018155733,0.020403892,0.027046077,0.035448823,0.012316792,0.018787237,0.043007858,0.022528835,0.021099195,0.014187595,0.01720673,0.021410095,0.013277849,0.01562686,0.011566714,0.013180445,0.04268201,0.024223244,0.019570602,0.020650202,0.033052437,0.028326206,0.02078039,0.014660882,0.018791502,0.015515595,0.017171346,0.08772082,0.025860993,0.019608956
0.10171884,0.096677884,0.09631285,0.07223778,0.065404736,0.06992558,0.044253267,0.07508957,0.042007037,0.06603079,0.0931028,0.086743034,0.102471545,0.078234844,0.05221466,0.05065531,0.11500576,0.078090355,0.047111094,0.06360062,0.07121677,0.17639254,0.16919789,0.15288857,0.11565116,0.06095728,0.06894215,0.04527548,0.07023706,0.08129089,0.06260872,0.105595894,0.08011733,0.07061387,0.10767296,0.06726601,0.07063716,0.077464536,0.0717197,0.08252153,0.07911005,0.068682544,0.0509916,0.07001737,0.07741341,0.076910295,0.04472048,0.048989248,0.04089806,0.04106735,0.055560872,0.051411454,0.04918833,0.04550435,0.04779517,0.044437483,0.042472687,0.044449694,0.04668366,0.044321526,0.045027714,0.08272169,0.057549946,0.048588287,0.046914134,0.046403185,0.06629588,0.06175117,0.06314107,0.051707156,0.07100517,0.056409426,0.060500823,0.05483735,0.054505963,0.050380133,0.05032856,0.0432065,0.048503585,0.059842046,0.06712092,0.06142491,0.07911098,0.06897377,0.08098327,0.10373927,0.05084928,0.057391666,0.07371331,0.057652105,0.05296911,0.055278085,0.07177421,0.052083764,0.049720354,0.0467477,0.044389494,0.06448218,0.050288826,0.05529776,0.070411146,0.06168155,0.045401096,0.06123076,0.049158406,0.04941881,0.039238226,0.03276681,0.04863587,0.059692554,0.050839324,0.04952661,0.051018547,0.04183547,0.04147731,0.053274866,0.051060054,0.041114535,0.056440324,0.0508513,0.048061483,0.048473973,0.05405681,0.044167474,0.042569418,0.052839104,0.049998827,0.061178084,0.06124325,0.07751828,0.04970756,0.05683351,0.074114315,0.055847615,0.059836596,0.068976656,0.048567325,0.051386394,0.10004156,0.04886458,0.06531442,0.05079893,0.04962738,0.04967555,0.042392544,0.05064669,0.040226415,0.042520095,0.05745603,0.045491308,0.046244122,0.042704247,0.053827707,0.053554587,0.04291172,0.044207856,0.05508743,0.1531132,0.05004684,0.05272204
0.047439735,0.08825275,0.08189623,0.06212033,0.045023926,0.03506566,0.0491221,0.07457567,0.054350298,0.06824634,0.07964953,0.05454724,0.08107713,0.07407282,0.053265687,0.05891456,0.09280231,0.04755663,0.042704307,0.056561828,0.057211895,0.11671103,0.110663705,0.13589329,0.06935679,0.049388904,0.024612343,0.021261018,0.07355518,0.062448937,0.054717064,0.080402166,0.09386618,0.08351837,0.036595978,0.032152638,0.03210026,0.056836765,0.08530478,0.055400252,0.07244149,0.07592478,0.06832336,0.055437595,0.05529064,0.051922493,0.060510945,0.0867432,0.043400984,0.056538023,0.058912806,0.0849455,0.09543478,0.073811464,0.0586377,0.09571069,0.06541066,0.04948287,0.079360254,0.110087104,0.105289206,0.048942644,0.042747863,0.057289314,0.079382844,0.1260007,0.103598066,0.08388397,0.07693865,0.08125443,0.072692454,0.07823488,0.061869264,0.076337144,0.07372755,0.07269132,0.057680245,0.04708737,0.072139405,0.09477894,0.03452442,0.046650965,0.06474536,0.04606598,0.05229309,0.08991261,0.07583234,0.068688564,0.074867606,0.053838782,0.066595584,0.06790489,0.10604625,0.08447965,0.10896543,0.080787145,0.128357,0.057092786,0.06507765,0.057284065,0.08658267,0.08080133,0.07722188,0.08796792,0.07726565,0.08437026,0.06277087,0.07409551,0.08257479,0.08949057,0.0703965,0.09269451,0.111981265,0.08999641,0.08121047,0.11870623,0.10805689,0.096310355,0.048012823,0.070148885,0.061606225,0.08507923,0.10842593,0.09052954,0.057774443,0.094491385,0.067991965,0.078966334,0.047401756,0.038535926,0.048540965,0.07282348,0.053540263,0.079294235,0.066953905,0.07197758,0.056736287,0.049625386,0.20782857,0.06314801,0.14639051,0.109171264,0.117287464,0.07622228,0.08089417,0.109720424,0.072292,0.065896995,0.097642004,0.08963805,0.08176406,0.089271516,0.089926116,0.10991181,0.087085836,0.048803043,0.08079185,0.17107587,0.088254526,0.08886443
0.10251357,0.13910812,0.11612342,0.066334516,0.070316695,0.05777446,0.057723884,0.091444656,0.06825195,0.077921465,0.08852366,0.0687935,0.07348008,0.13127305,0.1034692,0.08361111,0.11174624,0.06493703,0.07359645,0.077866085,0.07261889,0.15689935,0.10433008,0.15576732,0.09010587,0.05204791,0.046644837,0.061106507,0.07076298,0.09242126,0.072295934,0.0682561,0.06273887,0.052345745,0.07433766,0.04474592,0.05985286,0.06765526,0.06488238,0.04300685,0.047909483,0.043235805,0.04939002,0.074294254,0.066947065,0.055839308,0.0418018,0.051297504,0.03461031,0.061847337,0.058260776,0.05063799,0.049905058,0.04918747,0.04390661,0.0566101,0.05317873,0.046106502,0.050382208,0.055090565,0.04461723,0.0929406,0.057345625,0.051068243,0.048007682,0.041791372,0.07426976,0.044187162,0.047361977,0.060332168,0.052961186,0.05056544,0.0521242,0.07354822,0.051292226,0.047177035,0.06267156,0.052832913,0.045114454,0.057261854,0.06810602,0.13436142,0.093308344,0.064519525,0.07208269,0.05792854,0.0411589,0.04332781,0.04746342,0.052885145,0.06612668,0.042624187,0.10119986,0.042822607,0.06295833,0.06285604,0.05408965,0.06007582,0.045944426,0.045985658,0.074538924,0.04094391,0.04992674,0.065661296,0.04575137,0.06197229,0.042318773,0.047309596,0.057312477,0.077566475,0.061372094,0.06025845,0.061079018,0.05710289,0.052875172,0.054143053,0.06722011,0.058699034,0.06297322,0.051227048,0.047390204,0.0493213,0.067273185,0.0685064,0.048548855,0.07223564,0.047591604,0.06680316,0.10183144,0.07380406,0.0648323,0.07668326,0.049540564,0.050829217,0.045016695,0.06120631,0.053654145,0.06562788,0.14965346,0.052274723,0.075307354,0.056956414,0.054982096,0.04728641,0.047428258,0.050450537,0.043537036,0.050195742,0.06505714,0.06536894,0.054112267,0.057577886,0.05289689,0.05571348,0.043549687,0.046632603,0.050797034,0.12353421,0.05842788,0.061201084
0.14591686,0.1587982,0.116463244,0.12573996,0.12521948,0.1008103,0.12956612,0.13929036,0.14590368,0.100591294,0.09668571,0.089012936,0.11888356,0.19010599,0.1665554,0.14253227,0.121348575,0.08035336,0.11146448,0.123150274,0.11299806,0.21847343,0.21248348,0.20374426,0.16957805,0.11572575,0.0977106,0.08328857,0.13067336,0.097580016,0.13391729,0.09115765,0.10397831,0.09565893,0.075392336,0.05770161,0.07372157,0.084733784,0.07646754,0.069603875,0.067533985,0.06456788,0.08190375,0.07516477,0.074512675,0.09748018,0.06388418,0.06256053,0.06276344,0.075558215,0.08112685,0.104990095,0.09911615,0.08638531,0.07215091,0.08889743,0.07882025,0.08379552,0.11681796,0.102620214,0.105860494,0.10070488,0.07116176,0.07288338,0.08060893,0.10394654,0.14194266,0.10039318,0.09457507,0.104048215,0.10283911,0.08882137,0.092522606,0.123705536,0.08225599,0.08590018,0.1101724,0.06411263,0.09838617,0.10486118,0.078826904,0.088098526,0.10533211,0.083725795,0.08921853,0.09272669,0.087176464,0.08362472,0.08040715,0.11761654,0.10208987,0.078635626,0.14092486,0.11343205,0.12855819,0.0934059,0.13097104,0.09525445,0.08532153,0.09009157,0.11833456,0.11329943,0.109588735,0.11385001,0.083507694,0.086634725,0.048590675,0.105176486,0.10901489,0.13775282,0.09978655,0.10964915,0.13135293,0.10713754,0.09846555,0.115400426,0.12039857,0.10590407,0.10847921,0.12763558,0.10478898,0.09267328,0.127385,0.1141886,0.06899839,0.09778022,0.08243077,0.11826396,0.07701412,0.06979026,0.09670713,0.1377233,0.1101788,0.07836049,0.085888796,0.11826911,0.11603017,0.07989435,0.24186109,0.0800868,0.14123681,0.10428401,0.09851342,0.116684005,0.12771918,0.1128297,0.09703606,0.0701865,0.12471541,0.13663973,0.09383865,0.09013352,0.10750295,0.11666972,0.09773545,0.086314745,0.08941188,0.20829126,0.082685985,0.119310685
0.14996095,0.11354445,0.12294523,0.08881402,0.10254557,0.13308087,0.12726781,0.1584317,0.18143119,0.14325349,0.18158653,0.09716197,0.16199942,0.22937366,0.1695965,0.13114865,0.14165495,0.0989077,0.14673717,0.13324723,0.12745854,0.26352954,0.21663323,0.26168808,0.19845682,0.084869735,0.053639803,0.07181276,0.14388585,0.09858152,0.13366069,0.092386894,0.17029704,0.112936884,0.09374467,0.063720524,0.06578527,0.108256064,0.13311477,0.076329045,0.16352382,0.10466809,0.10525536,0.07192291,0.09590244,0.13595968,0.16734219,0.13263775,0.07552412,0.14489318,0.14441775,0.13919607,0.14281684,0.13681169,0.08012775,0.14703809,0.13131535,0.11941161,0.11702129,0.15971167,0.13389666,0.09918266,0.07600106,0.09890645,0.11439057,0.14107542,0.20797144,0.15562673,0.107279636,0.11026768,0.15348546,0.12677972,0.1174766,0.1430083,0.1305609,0.11250942,0.0922376,0.08341566,0.12981428,0.13202304,0.08961521,0.1315536,0.100953124,0.07422502,0.113081336,0.1428335,0.15269023,0.1284482,0.123682104,0.16709837,0.15384173,0.100586355,0.18756442,0.14966182,0.1640136,0.15073612,0.17648003,0.12907898,0.12175284,0.11447129,0.14915706,0.13341887,0.12556808,0.14660355,0.105005406,0.095915206,0.09174179,0.13176642,0.11018619,0.1663634,0.15913714,0.14785019,0.14031833,0.13680622,0.11929888,0.14564265,0.16079298,0.13239098,0.1276097,0.15855539,0.13475545,0.15371515,0.15340543,0.14064035,0.107347675,0.17292008,0.14662328,0.14679165,0.106554925,0.09544251,0.077081665,0.1780857,0.10520544,0.114538714,0.113190025,0.1509832,0.16449007,0.1281365,0.24665815,0.14013773,0.21642694,0.13093576,0.13283914,0.14846255,0.16006038,0.14832051,0.15023069,0.122790985,0.11566594,0.17048042,0.10763329,0.12524404,0.12687384,0.1512344,0.10341742,0.11178026,0.116246246,0.21437185,0.11231449,0.12154395
0.17018963,0.15952371,0.13024464,0.120328136,0.099497885,0.1087116,0.1413004,0.12318361,0.12109028,0.11646391,0.1320789,0.1125457,0.09698103,0.22612944,0.216297,0.17889063,0.16815002,0.084501,0.17224193,0.16668783,0.12840882,0.24633862,0.2427323,0.25674975,0.16411002,0.13828692,0.08025716,0.08680761,0.12658289,0.10144655,0.14512753,0.10259685,0.13874766,0.118620135,0.08690215,0.058867496,0.07033831,0.06302759,0.08701584,0.098503195,0.11842173,0.07215841,0.09235238,0.06602459,0.11363132,0.07464322,0.10132228,0.11424312,0.06577986,0.110165566,0.121216714,0.13094598,0.10833929,0.12226739,0.11111127,0.1329428,0.13822189,0.12550847,0.10590441,0.12591204,0.1115581,0.10029553,0.07532786,0.08147711,0.112157024,0.10435329,0.14434874,0.10580676,0.10978607,0.10692285,0.13341054,0.11402556,0.09776667,0.11129433,0.118330695,0.12665996,0.10480007,0.110814504,0.1344974,0.12321009,0.090748295,0.084424734,0.10651504,0.065485984,0.12220095,0.17619218,0.10872032,0.14127094,0.112331435,0.13218857,0.13615352,0.09924988,0.14689757,0.11498965,0.14847173,0.14691697,0.1575604,0.12878872,0.10825905,0.13538936,0.12851612,0.1062329,0.11872496,0.14911318,0.13864242,0.13816474,0.1266555,0.120407484,0.14546034,0.1298762,0.14024583,0.14599358,0.14528507,0.13386513,0.1531714,0.17219618,0.1529549,0.16143377,0.12625583,0.15665072,0.13042296,0.17262582,0.18456352,0.13887647,0.12482583,0.15145282,0.15666613,0.14614564,0.08039361,0.1360977,0.07814771,0.18600562,0.2424808,0.12200489,0.21685319,0.20499328,0.17486016,0.14830354,0.2127907,0.18601213,0.17867886,0.14243565,0.16595113,0.16968754,0.19114012,0.14914611,0.13033496,0.15043817,0.15773906,0.16912231,0.1336305,0.16136377,0.16357753,0.15810162,0.13774104,0.1380467,0.16454628,0.20069222,0.18526156,0.16530263
0.15468933,0.12633203,0.08882631,0.1323505,0.11108711,0.1368245,0.16207016,0.12164913,0.08675941,0.08809317,0.12419776,0.072859034,0.19988543,0.22236156,0.18701762,0.19930011,0.19211815,0.09281719,0.19337705,0.14919312,0.1089089,0.21545182,0.1775642,0.17010114,0.19842346,0.07831457,0.0784345,0.07363241,0.098703586,0.07697888,0.12034936,0.08228073,0.13429438,0.09876337,0.071497776,0.05806557,0.090276696,0.07116606,0.06692808,0.059624314,0.09813912,0.075297706,0.10214628,0.06876548,0.09284318,0.07797201,0.104581445,0.09674969,0.060625896,0.10308147,0.11875349,0.13148585,0.11742345,0.100180306,0.09411753,0.11109661,0.107444346,0.1245314,0.133372,0.11292103,0.09999887,0.06898008,0.07907303,0.07068244,0.09365592,0.077022895,0.114316046,0.1004211,0.098639436,0.07530273,0.09238488,0.08752822,0.07163682,0.10594651,0.09842588,0.08397339,0.09362467,0.06327839,0.09748065,0.09948559,0.06376499,0.06988834,0.084907636,0.04134219,0.11780535,0.06550741,0.108971775,0.10972275,0.083665825,0.11572855,0.11090414,0.10684835,0.15137453,0.112467945,0.12577887,0.12814757,0.09410297,0.15506577,0.1302212,0.1333022,0.10496921,0.11467903,0.10190472,0.16108575,0.10372418,0.12573314,0.09079945,0.07277775,0.120352805,0.09296577,0.12867278,0.12089936,0.1293784,0.10690076,0.103942856,0.082831874,0.13439195,0.09689365,0.12303323,0.15158096,0.09685712,0.13655907,0.1420544,0.12630095,0.1129479,0.130845,0.11728291,0.12001794,0.049400434,0.07261184,0.038862392,0.13660671,0.105443045,0.10888455,0.12350533,0.11257439,0.123660855,0.13474655,0.15392837,0.13907577,0.18074895,0.15761273,0.117860034,0.13680103,0.14450558,0.12145783,0.11723057,0.15062228,0.12965205,0.12719171,0.102557406,0.09876999,0.11770739,0.11912007,0.12811717,0.10842642,0.13811785,0.12468009,0.14994533,0.11895378
0.18778072,0.19161938,0.10794544,0.15812245,0.13768093,0.12565039,0.18212016,0.1628874,0.09449237,0.055327695,0.14867714,0.095727,0.17404772,0.23358397,0.25383785,0.20224835,0.20858309,0.114207745,0.2148831,0.24708104,0.2037028,0.29043412,0.2487067,0.3022937,0.18600124,0.13799518,0.110411026,0.06665626,0.10447338,0.10769985,0.15758021,0.105322376,0.19048604,0.12555052,0.07628334,0.06336974,0.10826804,0.06726618,0.060986903,0.108739175,0.15276197,0.108411714,0.104726434,0.06279122,0.07524803,0.106641866,0.117181346,0.08227016,0.07034999,0.13742019,0.15294403,0.1513339,0.16647577,0.17305298,0.12810133,0.17256737,0.1905132,0.15953481,0.16987932,0.153408,0.1431655,0.101034336,0.122453965,0.09781752,0.09242289,0.185285,0.2030388,0.16998823,0.1751906,0.17073706,0.18440789,0.18503499,0.16361547,0.15278657,0.16494292,0.14821364,0.12832479,0.094993174,0.13759929,0.13645957,0.11310195,0.08772638,0.08792914,0.058378834,0.18879217,0.22349834,0.19148873,0.24273764,0.15560704,0.22206858,0.21274984,0.18717277,0.19795461,0.19078377,0.21227834,0.2058357,0.22218627,0.17907508,0.18976082,0.23275967,0.24164827,0.22032723,0.21376148,0.26539558,0.191288,0.24947424,0.19003515,0.17250673,0.22163709,0.23455255,0.22019127,0.23733237,0.24107918,0.20384009,0.20729306,0.16978124,0.25407207,0.19848953,0.1755901,0.20078167,0.15311334,0.24188891,0.2492161,0.234864,0.18723685,0.21338691,0.17695522,0.21545564,0.06804667,0.09950657,0.0966722,0.24764518,0.2636886,0.22368868,0.26112255,0.19606425,0.22041307,0.2143073,0.3026879,0.18279085,0.26834148,0.21203433,0.20418803,0.17004775,0.18637162,0.15286683,0.1423795,0.17749758,0.21214157,0.24007541,0.22933063,0.21272936,0.2649066,0.25381944,0.21738288,0.21699557,0.21355103,0.2969349,0.2297827,0.22853433
0.2763829,0.28245583,0.1323776,0.22832821,0.18513416,0.17576891,0.2695684,0.25991893,0.23141123,0.12158016,0.11536106,0.07585611,0.28332698,0.28671554,0.24711883,0.21335496,0.27060986,0.15587622,0.25657168,0.2315881,0.26576906,0.31601977,0.26618528,0.23484692,0.25064185,0.22441758,0.15165582,0.1580639,0.16026355,0.12424426,0.2146754,0.13948928,0.13720864,0.10583967,0.17237745,0.086057365,0.24499981,0.08709478,0.079410605,0.08200243,0.1422834,0.07531103,0.097305134,0.0731665,0.10196599,0.12695347,0.15046178,0.106880106,0.12454352,0.15813898,0.13649292,0.16569845,0.12887436,0.11671154,0.13546681,0.13911305,0.13132548,0.1261947,0.13535312,0.1396171,0.14531066,0.1279196,0.12623106,0.12886123,0.1161747,0.18935305,0.1648131,0.09592723,0.091203354,0.107893296,0.1317277,0.14708547,0.106830776,0.10442426,0.107017726,0.0821091,0.085292086,0.110881336,0.09649315,0.09023219,0.14016683,0.10239777,0.1387532,0.12196545,0.15628138,0.1633221,0.11691738,0.1322452,0.14797084,0.14956814,0.14679904,0.18949565,0.18381533,0.17498781,0.16980004,0.1750249,0.19471513,0.14206626,0.1734689,0.20563564,0.19552486,0.15225889,0.16692205,0.21329406,0.15363927,0.21250863,0.17655566,0.13649473,0.18204379,0.2236349,0.21953309,0.21934977,0.19484952,0.18153767,0.17732552,0.14673226,0.18679503,0.1622369,0.1851608,0.20199078,0.14095518,0.19813734,0.22049573,0.17643777,0.15274976,0.16836977,0.14204276,0.19799295,0.11306219,0.097747624,0.086922795,0.18044865,0.17535293,0.15179858,0.15598254,0.18537474,0.18963507,0.15906483,0.30343097,0.18566701,0.2306777,0.17625159,0.18842463,0.17210805,0.15259358,0.11443474,0.14877588,0.19265257,0.22296175,0.24236995,0.21224222,0.19157971,0.18339284,0.1809179,0.18520549,0.16056336,0.19334988,0.28614613,0.21467935,0.22232635
0.1402997,0.16299964,0.090043664,0.14165738,0.098181225,0.13379012,0.10408392,0.12878747,0.11016028,0.08305988,0.14746651,0.100829765,0.15053995,0.18675005,0.20535704,0.18761458,0.20419766,0.13768175,0.19820899,0.20049255,0.22738208,0.21076053,0.21282572,0.17763767,0.12955937,0.10719443,0.0734,0.07493583,0.1304341,0.074818596,0.10515439,0.08704121,0.1577909,0.12183737,0.09870572,0.09102622,0.16163345,0.11521618,0.13000579,0.09185966,0.16334283,0.10332492,0.1344976,0.07963087,0.07234198,0.11650685,0.14554033,0.13318811,0.11986901,0.13709438,0.16257969,0.14578165,0.12561394,0.13036555,0.14515407,0.14743999,0.13786851,0.1984182,0.1702796,0.18719615,0.1352467,0.12169009,0.10832471,0.14608046,0.14988999,0.13978721,0.18486927,0.16854018,0.09241319,0.08781153,0.19365102,0.17956573,0.10122911,0.1240557,0.14417902,0.10748917,0.12966391,0.13464388,0.13228776,0.104820594,0.100943714,0.07979342,0.08758058,0.064791135,0.117213376,0.09329233,0.16994548,0.11447426,0.12061326,0.17341061,0.17379957,0.21216454,0.17213675,0.18443269,0.17203037,0.21162266,0.16010076,0.10790551,0.17416172,0.19400367,0.24159956,0.16807817,0.17036007,0.20553033,0.15495123,0.1856499,0.17399548,0.1867987,0.20985651,0.24252623,0.24542849,0.2241157,0.18928012,0.21442337,0.18638393,0.15191463,0.17969672,0.18396628,0.14395016,0.24095348,0.1417651,0.1821164,0.21125747,0.18007004,0.1617619,0.15706246,0.15046616,0.19809093,0.0803846,0.0939723,0.06772441,0.15161183,0.10378599,0.17559205,0.12043797,0.20534168,0.22214708,0.21616217,0.18283497,0.18998522,0.19565532,0.19950256,0.22737223,0.21903248,0.16897073,0.14487225,0.15959162,0.17883517,0.2265613,0.23662709,0.14940403,0.14534807,0.14130278,0.18468073,0.21588504,0.18640041,0.19809131,0.18695548,0.18107964,0.203407
0.27095965,0.2337979,0.11094715,0.2452942,0.13610105,0.21304381,0.22351639,0.1934812,0.16542484,0.14109138,0.14671038,0.069733255,0.22799206,0.24592836,0.25379702,0.18885008,0.25809467,0.21019873,0.25654557,0.2702384,0.26885128,0.31546777,0.2772418,0.24995032,0.22013392,0.08444785,0.12710145,0.07785253,0.14639764,0.09659345,0.116892666,0.077643104,0.16098587,0.11265944,0.18713725,0.07369979,0.24312487,0.08363582,0.09901903,0.10338816,0.14980184,0.070305996,0.14126591,0.09316747,0.077309996,0.101124994,0.10589938,0.0982875,0.076318964,0.1440685,0.1265998,0.13956222,0.15324306,0.14957471,0.14741454,0.18232074,0.13859484,0.18876189,0.19927315,0.18908027,0.18030655,0.14453098,0.07222354,0.12790085,0.14323094,0.15242739,0.2173796,0.1703691,0.14907305,0.19904748,0.22250593,0.21042491,0.15815909,0.16334517,0.17139743,0.17105603,0.14148699,0.13102916,0.13593467,0.13541514,0.14641398,0.12060528,0.17990795,0.08360518,0.1492547,0.13711932,0.18523696,0.17412734,0.16379902,0.18101047,0.14729762,0.15631871,0.17721918,0.15792635,0.17443377,0.21771252,0.19815202,0.1512887,0.18123178,0.23301704,0.24867551,0.148394,0.16015357,0.18933968,0.12493583,0.16676459,0.17502293,0.16406685,0.18180946,0.25383845,0.28233117,0.24319774,0.18986729,0.219131,0.20770659,0.15494156,0.18915333,0.18343168,0.2087385,0.25641668,0.14701533,0.22853152,0.22070915,0.24279189,0.19469371,0.21766119,0.19492555,0.21269697,0.1509988,0.10491835,0.08135869,0.19064325,0.17620139,0.2463547,0.1960042,0.21636014,0.21873426,0.23747888,0.2780965,0.2112484,0.22414415,0.1334363,0.21040927,0.20771901,0.16441858,0.14522389,0.14405014,0.16539675,0.2846955,0.27376178,0.16513638,0.23166187,0.15996674,0.23276879,0.23274472,0.22377881,0.20939419,0.2342929,0.25684127,0.24495977
0.28202862,0.2741148,0.1060505,0.22669734,0.17602082,0.22653735,0.2157673,0.19761433,0.16265076,0.16607764,0.090292394,0.07939725,0.29365665,0.29879975,0.2665776,0.30198118,0.27527702,0.24064079,0.30185956,0.27158338,0.27449602,0.31342688,0.28337798,0.25785658,0.22659773,0.106830284,0.12097086,0.11784746,0.17926525,0.084116146,0.15886536,0.10166907,0.13388667,0.09907672,0.15513317,0.096179955,0.1888945,0.11443471,0.10648087,0.09293516,0.1259974,0.07548372,0.088387534,0.09560385,0.09704809,0.11786573,0.15090571,0.13316922,0.13369545,0.20239711,0.1360427,0.16723584,0.1821671,0.22801904,0.24893609,0.22716852,0.20159361,0.21800713,0.22698143,0.21723798,0.22086236,0.10022967,0.097242564,0.15345924,0.18104279,0.2002597,0.1705937,0.1331576,0.18959232,0.17931657,0.1787472,0.1722172,0.16483556,0.16874574,0.17739455,0.19158728,0.19362147,0.18460447,0.13470578,0.14107142,0.09375716,0.08687345,0.11592138,0.11829229,0.14602526,0.22898744,0.15282568,0.16542497,0.14409654,0.19659896,0.15479468,0.19358459,0.14899346,0.16964178,0.2065655,0.24819098,0.20575158,0.11944897,0.18486635,0.19643801,0.1940653,0.19072585,0.16865186,0.2099035,0.1804402,0.21862452,0.22230154,0.22473611,0.21573302,0.22674082,0.25288352,0.21539629,0.2107148,0.23303819,0.22775792,0.20640798,0.21665199,0.22273943,0.20405242,0.24168174,0.22283451,0.23144488,0.20446937,0.21276511,0.21144623,0.17574438,0.17992716,0.18726966,0.1262914,0.14292474,0.10957681,0.16702805,0.16879281,0.19316646,0.14222409,0.21870255,0.24338624,0.23689671,0.28387713,0.2105363,0.24189664,0.171002,0.19977869,0.1859993,0.1532722,0.15979536,0.14665592,0.15601565,0.22517268,0.20770808,0.19703409,0.20501892,0.20998354,0.20821802,0.22798455,0.2196076,0.20169425,0.27178892,0.23826143,0.2179078
0.23064171,0.21993335,0.059581812,0.19502418,0.19202028,0.21303135,0.19234297,0.20134324,0.16958724,0.22829442,0.11873866,0.16238645,0.2491586,0.24915543,0.2404469,0.22876123,0.19022386,0.12947647,0.2698372,0.22827168,0.23762757,0.28146437,0.26091266,0.23846783,0.11799256,0.04629587,0.055489544,0.06974258,0.12518816,0.029211156,0.1350992,0.15026896,0.1649906,0.11077864,0.14700918,0.09388158,0.14195094,0.08372667,0.07649679,0.071340665,0.127987,0.04707072,0.08004336,0.07779901,0.07305473,0.081938334,0.1131792,0.10623235,0.075579,0.13062371,0.12344313,0.13242437,0.14786847,0.13584459,0.1573215,0.14647235,0.13733372,0.13630068,0.1335179,0.14124113,0.087645955,0.1302938,0.068913735,0.08683051,0.086316906,0.1433072,0.15392034,0.10720837,0.15686098,0.16107155,0.14773087,0.15719384,0.11921769,0.14104047,0.16296285,0.12574154,0.14810446,0.14341453,0.09558353,0.08463218,0.14257081,0.04595929,0.15005785,0.15711896,0.16417165,0.19111836,0.12972918,0.12165861,0.14392138,0.13390028,0.15099779,0.12787166,0.12380303,0.12974739,0.15654835,0.13153148,0.15804085,0.117254876,0.10957773,0.115644835,0.111707285,0.12557188,0.10878006,0.12874708,0.10586672,0.11220871,0.13949028,0.13783075,0.12896158,0.18119623,0.16177638,0.14686091,0.15617001,0.14712113,0.141082,0.14677308,0.14417194,0.15009354,0.21133406,0.15812063,0.11886646,0.1479866,0.15827939,0.16987239,0.14379707,0.1311827,0.12903439,0.11207901,0.07400239,0.20463604,0.13610566,0.15119869,0.13606246,0.16206829,0.13268118,0.11547473,0.14949481,0.15496226,0.21841681,0.14632799,0.18960659,0.09341298,0.08968916,0.13293464,0.15965529,0.114475854,0.0918315,0.10826742,0.1833652,0.15941985,0.121022545,0.14103095,0.13368198,0.15975016,0.16594714,0.15237173,0.1585224,0.26194388,0.15050678,0.13877134
0.18037322,0.18251641,0.15385053,0.15361872,0.0984564,0.12722714,0.114893585,0.15366402,0.081040345,0.1113431,0.09195448,0.15926865,0.27557296,0.18696177,0.25386885,0.23220398,0.14200878,0.09945811,0.2170503,0.23554593,0.28272465,0.24693912,0.26942748,0.17722237,0.056062896,0.036424518,0.042694647,0.04810357,0.071691774,0.16224448,0.08242272,0.07782562,0.09698523,0.08764111,0.07913793,0.08042785,0.07825811,0.09732544,0.08391557,0.104846045,0.10797779,0.07807663,0.09013992,0.07658015,0.054797444,0.067136236,0.07901743,0.08635047,0.07135612,0.1106043,0.12065896,0.15045556,0.16061254,0.12932876,0.17430387,0.13706432,0.103805535,0.10459423,0.16791041,0.122977875,0.096120335,0.088411815,0.06460475,0.0919786,0.06329471,0.08733985,0.14685783,0.11031349,0.16277392,0.16055158,0.1445022,0.16932775,0.10439269,0.15715614,0.12598081,0.10503828,0.17649092,0.12936877,0.07543889,0.06379544,0.10036152,0.15636922,0.12022221,0.07876912,0.1755442,0.13613321,0.1366342,0.13315548,0.19243196,0.14962438,0.11577537,0.11215909,0.16823776,0.11028702,0.13603319,0.18025185,0.17274018,0.12276405,0.15570338,0.15005529,0.17415573,0.17010528,0.12975524,0.1583743,0.110045396,0.14963885,0.15802681,0.13354714,0.17613088,0.22285779,0.21161829,0.201684,0.22306071,0.20734371,0.21819243,0.20940962,0.1897169,0.1757832,0.14343782,0.16379885,0.17877933,0.18321598,0.15162513,0.19156428,0.1422922,0.16394095,0.15335087,0.111503646,0.11542274,0.11358764,0.07785571,0.11857574,0.15810981,0.19279228,0.12464778,0.19475465,0.19685125,0.20967785,0.18501621,0.1538567,0.1908011,0.11078466,0.1514779,0.09785391,0.10264428,0.11803233,0.13663375,0.13795204,0.24404044,0.18211122,0.16805342,0.2000296,0.21695392,0.2254531,0.17188916,0.18308978,0.21443377,0.12186661,0.18952093,0.14050665
0.16192548,0.18734783,0.07407695,0.19805771,0.12855037,0.12428021,0.122445285,0.19551007,0.10140426,0.10710301,0.068620175,0.15743774,0.28700826,0.22149538,0.30738878,0.25820777,0.1741547,0.12699592,0.24083002,0.32478318,0.31583676,0.2038773,0.27173948,0.22255263,0.06944774,0.05377951,0.05923667,0.06737359,0.0833819,0.061033748,0.095331326,0.08992916,0.08107096,0.08229875,0.096911885,0.070460424,0.08296189,0.11377402,0.09532653,0.07865621,0.09554066,0.089440525,0.08376265,0.07868379,0.07194206,0.0638206,0.080211416,0.08342855,0.07551717,0.14912045,0.108339936,0.15055367,0.15534909,0.1306994,0.12944373,0.11676888,0.12214357,0.114568636,0.13155465,0.13897194,0.14194916,0.10677059,0.081748545,0.1016823,0.07505683,0.11466858,0.100029536,0.09064301,0.14585932,0.13979243,0.074948594,0.099036075,0.14457333,0.12732074,0.08385924,0.11401276,0.1335758,0.13685288,0.09790801,0.10202711,0.11648557,0.080144994,0.12656505,0.08913859,0.12984166,0.13067941,0.09809586,0.11991796,0.18542862,0.17072505,0.17722708,0.1008496,0.17101294,0.100415245,0.14869635,0.14981447,0.15559876,0.15484908,0.09785605,0.14116834,0.15778102,0.13679866,0.128614,0.1322107,0.11490512,0.1278091,0.14680749,0.15423639,0.1742449,0.18576752,0.15826939,0.13564788,0.1581872,0.119237654,0.14063266,0.1687907,0.16747576,0.13511904,0.13644557,0.16999741,0.15236415,0.15563637,0.15975365,0.16705745,0.1384643,0.12219048,0.1393483,0.1365897,0.08043022,0.18638377,0.09752067,0.108705,0.14197558,0.08834585,0.09637141,0.11433909,0.13930802,0.14872387,0.15427572,0.1284264,0.14599627,0.123146415,0.11270324,0.110076346,0.13323042,0.100439586,0.112394236,0.14051422,0.16901635,0.14831027,0.12986062,0.15593795,0.15713158,0.17844485,0.14213079,0.1466059,0.12732722,0.15881091,0.14759795,0.11354488
0.20462942,0.22343509,0.1286055,0.19862008,0.13431361,0.16449481,0.18153867,0.17756195,0.15771247,0.17366998,0.09685149,0.20914498,0.33515358,0.30097434,0.29889888,0.3099022,0.16198625,0.1646403,0.26838312,0.32886407,0.33709988,0.28782463,0.25499144,0.26480204,0.10573179,0.09771659,0.09807311,0.11917514,0.10725056,0.117682494,0.11209349,0.13751917,0.0919288,0.11658131,0.12635025,0.08773889,0.12939979,0.0890772,0.07054703,0.085993655,0.06135066,0.08222057,0.14362013,0.10392101,0.07234351,0.058209777,0.07652267,0.08367721,0.0592205,0.09053298,0.11570017,0.18338352,0.12336025,0.11956514,0.16826957,0.14920475,0.09548786,0.12091539,0.13095511,0.15255454,0.13802442,0.14585187,0.073779784,0.12307892,0.109082535,0.11950112,0.08816482,0.08966153,0.13934873,0.1737782,0.12928934,0.18517415,0.1569388,0.17571436,0.1339549,0.11976065,0.16009818,0.1120161,0.09639515,0.09950088,0.17237197,0.14028962,0.1669209,0.14448977,0.13849884,0.16967556,0.09441822,0.13712186,0.15625939,0.14912409,0.15622124,0.11135105,0.117963344,0.1527402,0.18665673,0.1545917,0.13337182,0.15917575,0.17179722,0.15407825,0.1772188,0.15156093,0.14390966,0.16552512,0.15272145,0.15943174,0.18769883,0.18636218,0.23295362,0.21539679,0.1849713,0.1440119,0.17258354,0.14618617,0.15286052,0.19030558,0.20101808,0.18248525,0.14292762,0.1770865,0.20618443,0.19337937,0.18513246,0.21146286,0.13568778,0.14600375,0.1282065,0.13424546,0.13466303,0.1623489,0.20126602,0.17749909,0.18532906,0.172923,0.17401376,0.17892505,0.2233449,0.22106233,0.22867605,0.17252265,0.18408087,0.13328224,0.14439534,0.14928941,0.123650774,0.1170774,0.10009847,0.16543779,0.23373562,0.19557361,0.17953119,0.19257985,0.20487647,0.26291612,0.21805917,0.2440665,0.22317453,0.21707256,0.21303114,0.1855827
0.14331281,0.16073157,0.0526178,0.17649992,0.15042317,0.15461321,0.09203468,0.165742,0.11079744,0.11664869,0.06356313,0.18718721,0.2598611,0.13291723,0.22226359,0.24085398,0.15632123,0.05624564,0.115154676,0.2276412,0.25167802,0.22447926,0.21824631,0.16847686,0.06106399,0.046198804,0.047395997,0.056794528,0.05378097,0.047104117,0.056768436,0.08228496,0.068309255,0.07788469,0.13327663,0.06055243,0.059858747,0.072820306,0.06381613,0.07881964,0.07184417,0.070526704,0.0749286,0.10474549,0.07584982,0.06544778,0.083323605,0.09747627,0.061413858,0.079377614,0.08272096,0.108233005,0.090387486,0.1205019,0.10233785,0.10686698,0.09197087,0.06867013,0.09154101,0.11113669,0.09773287,0.07439586,0.08586408,0.09795503,0.0885181,0.07754152,0.07399077,0.08863927,0.08301162,0.14224635,0.08487227,0.117076464,0.10404635,0.12728095,0.10892991,0.082196064,0.1127146,0.09817377,0.06322366,0.060560364,0.064414166,0.053391982,0.06829856,0.053627886,0.08740475,0.112142995,0.08537817,0.089758195,0.11268086,0.099111155,0.11527603,0.09002364,0.079068124,0.093591385,0.11243308,0.10945896,0.10372185,0.10452612,0.1131353,0.092518665,0.14057378,0.12707512,0.103665985,0.13531348,0.10183503,0.12889077,0.13669917,0.13912593,0.16053873,0.14537115,0.14193837,0.09795763,0.093214236,0.0971802,0.10498308,0.107755005,0.1173074,0.1131423,0.14194523,0.12738629,0.121493965,0.105657965,0.090000786,0.10189752,0.1164446,0.12030081,0.085104,0.09240089,0.062917866,0.18338388,0.07954736,0.10701193,0.09214193,0.101194814,0.091742456,0.1119324,0.1279852,0.10823754,0.14625722,0.123354025,0.12165226,0.10890204,0.09673382,0.086707294,0.119396284,0.093691096,0.07691874,0.094650224,0.1309372,0.11344644,0.104229905,0.109524295,0.11190245,0.13916436,0.0966092,0.12935936,0.12791441,0.1502638,0.11705507,0.12523079
0.10613639,0.07659451,0.051266678,0.061981153,0.07810973,0.040554043,0.03660758,0.072825596,0.07304061,0.101734705,0.04960975,0.06354164,0.20815797,0.06217386,0.20580764,0.18997525,0.07560461,0.0440736,0.08016414,0.2100167,0.1985728,0.13900043,0.2553451,0.07773501,0.049007982,0.035768595,0.029338434,0.026904527,0.05253851,0.05434035,0.05937793,0.063742355,0.047730908,0.048994474,0.051054772,0.039374642,0.049647633,0.0629071,0.0832663,0.061165754,0.04676386,0.048118766,0.043515548,0.04516993,0.058938283,0.054588433,0.06486368,0.044765435,0.06266773,0.07516575,0.07675669,0.06603258,0.06833846,0.06800076,0.07707747,0.06764416,0.06143884,0.06593402,0.071807794,0.05711149,0.061149117,0.049911134,0.07370095,0.04817315,0.03719239,0.05062395,0.064816,0.07043737,0.07647943,0.113689505,0.09175391,0.13708913,0.08845289,0.119343765,0.08854534,0.07587329,0.10234386,0.080655314,0.06820388,0.058811367,0.061190255,0.054656,0.087264314,0.07773795,0.07869395,0.08357406,0.074587926,0.06486758,0.097767435,0.112252794,0.088278964,0.08119655,0.083247036,0.08905635,0.10108618,0.095308915,0.090738475,0.107173085,0.092327684,0.07173867,0.12229359,0.11628695,0.0915742,0.12583162,0.0930181,0.1192598,0.10528229,0.10178528,0.13266449,0.10766015,0.12157543,0.09045738,0.12143817,0.12920676,0.13076593,0.09235984,0.12815562,0.13040665,0.12734525,0.10344832,0.15569137,0.12236957,0.10663584,0.12491891,0.13266724,0.13408184,0.10196352,0.09258968,0.05417064,0.081399255,0.066941515,0.071385466,0.10568602,0.11306652,0.06911107,0.066917814,0.12900206,0.13776678,0.14678481,0.1260261,0.14515276,0.08427179,0.09280776,0.06702796,0.09175052,0.08879959,0.089310564,0.0845481,0.15041277,0.11301279,0.088172,0.088679515,0.111059844,0.14538115,0.13580172,0.14828557,0.14382115,0.1457152,0.13254783,0.119965404
0.093779765,0.07957165,0.06279832,0.08789024,0.071564086,0.05604039,0.05737212,0.078687355,0.06309789,0.07091007,0.04709285,0.07480464,0.2290836,0.06373002,0.22614689,0.23171884,0.09879387,0.042460743,0.10230757,0.22684757,0.21610434,0.102077946,0.18990254,0.080215536,0.06278839,0.054002795,0.034558307,0.049658645,0.051876634,0.056114778,0.06135235,0.066372454,0.048867263,0.0552747,0.068217985,0.05351404,0.05809803,0.047842287,0.04894737,0.048809167,0.045664884,0.043017983,0.049722858,0.055386744,0.06304925,0.060089096,0.04216478,0.035521694,0.04334296,0.054049443,0.05937897,0.0638177,0.09019617,0.09189168,0.09601703,0.10246574,0.088175826,0.06808753,0.06935634,0.05616434,0.04927692,0.051934317,0.052613392,0.049695052,0.033815254,0.050540484,0.06351247,0.07281194,0.1059212,0.111925624,0.07546359,0.11923914,0.11003451,0.09096674,0.08487707,0.0747218,0.09679279,0.08065285,0.059541587,0.04812735,0.062420238,0.06041704,0.0669391,0.05325398,0.09165549,0.08151977,0.08008506,0.073110774,0.10457042,0.05617588,0.077967,0.06054894,0.0807103,0.07730149,0.09411775,0.10963902,0.0786552,0.088645,0.06775451,0.06961547,0.117528394,0.10369262,0.07602927,0.108180836,0.080492325,0.09436996,0.1074069,0.10736329,0.11406909,0.08351544,0.12150712,0.062406305,0.09814939,0.105865635,0.11247769,0.11554133,0.115734585,0.11158248,0.10973524,0.0855821,0.13026534,0.098404646,0.0845139,0.083545476,0.113152765,0.121397816,0.09614006,0.07411323,0.05850518,0.08250231,0.06459135,0.10060021,0.093862906,0.10504042,0.08089895,0.095220484,0.10989992,0.13671915,0.1714877,0.104945675,0.15922648,0.09419062,0.07688676,0.08239806,0.08753362,0.06162036,0.066346996,0.08865321,0.13785356,0.12255705,0.10870586,0.12064412,0.12962058,0.14651431,0.09923593,0.13000377,0.14679156,0.114656046,0.13199657,0.096087985
0.05997172,0.07048761,0.06018575,0.056992672,0.0431447,0.049223356,0.042572003,0.054351553,0.053092327,0.046935793,0.042178005,0.04174177,0.12118185,0.048635744,0.11326845,0.108763695,0.066385165,0.050142534,0.058180418,0.11639129,0.11178117,0.060196377,0.08068314,0.061944734,0.03636988,0.032516494,0.026032455,0.036301352,0.044424366,0.061260853,0.046064418,0.043071505,0.039278246,0.04787107,0.032668166,0.037572075,0.0427945,0.038906038,0.03720967,0.045314446,0.04608458,0.04215431,0.06481446,0.04413909,0.04040338,0.046016164,0.049225803,0.038671523,0.04152754,0.041837633,0.040941164,0.04907428,0.043395158,0.043686263,0.04540835,0.040749434,0.039660785,0.0511229,0.04356955,0.057776384,0.046904888,0.036582023,0.037703272,0.046549,0.044952773,0.03409133,0.038769275,0.03886324,0.05848036,0.05402827,0.04548027,0.062624015,0.055070434,0.055590335,0.040185522,0.042365137,0.0546173,0.047094982,0.028907783,0.040565893,0.035035744,0.06446075,0.037933778,0.03743815,0.04541986,0.047507633,0.033473335,0.0321749,0.045130245,0.043574497,0.033391386,0.04070892,0.046673138,0.03458291,0.04526864,0.04169392,0.036846668,0.048301574,0.043961708,0.05702716,0.051675625,0.04582947,0.04477061,0.05135741,0.06405841,0.041775655,0.038225286,0.046412494,0.08130728,0.057952788,0.06038033,0.05964809,0.05963943,0.063163705,0.05175865,0.062490825,0.07847314,0.075418785,0.059058726,0.07167512,0.07308711,0.06423037,0.05415999,0.044079624,0.044830393,0.04972126,0.055568505,0.060086526,0.049284596,0.05540497,0.04758315,0.0459411,0.05874945,0.0522938,0.060644418,0.052505497,0.06393936,0.07675595,0.095935315,0.056352165,0.09539149,0.057316877,0.041729793,0.05553312,0.06446466,0.045693696,0.046281844,0.06720326,0.07347225,0.057320226,0.051784493,0.050380155,0.061607614,0.08730372,0.063114665,0.06894013,0.076861754,0.07587105,0.06749032,0.06478171
0.041493922,0.02839802,0.03622805,0.03876109,0.034544203,0.025701994,0.03347598,0.0434905,0.05519668,0.04690753,0.04933309,0.06709209,0.18364699,0.04937042,0.17594351,0.17275485,0.038995847,0.047640894,0.07424961,0.19196637,0.15801142,0.10086505,0.21664323,0.077667974,0.047892276,0.031717032,0.029720284,0.055213902,0.05199558,0.03027656,0.03595589,0.03077704,0.064919375,0.03314226,0.052906543,0.055215623,0.051000558,0.043738898,0.041899882,0.047385994,0.040166978,0.04791504,0.047149245,0.02788935,0.028108303,0.034353197,0.036123477,0.0435764,0.041513104,0.07420175,0.110517666,0.059304573,0.07073138,0.07243309,0.07822231,0.08623386,0.06618148,0.07545772,0.08263251,0.100400895,0.067960836,0.04020268,0.035272524,0.03185941,0.052701455,0.042884126,0.051499072,0.053837623,0.11562874,0.08435357,0.068272,0.082354106,0.082131475,0.07714478,0.053737115,0.07383487,0.07630563,0.06898759,0.041020636,0.03106338,0.048154883,0.03196123,0.059941832,0.03567104,0.07114328,0.08885413,0.06659882,0.060209412,0.087210804,0.062477835,0.06496203,0.07403597,0.08992789,0.08073916,0.08551566,0.12231908,0.0840594,0.115586296,0.06864222,0.07184629,0.1256819,0.099725716,0.08431455,0.13192053,0.08745037,0.08759586,0.124937244,0.12321805,0.10744984,0.09618041,0.11335355,0.079002686,0.09273793,0.13831119,0.084946625,0.10579936,0.12520109,0.116390295,0.09706048,0.09559836,0.14578411,0.122799374,0.099852845,0.08654942,0.11371284,0.08745589,0.0962751,0.068198174,0.041357882,0.06388247,0.042336542,0.066007555,0.08392323,0.07256674,0.058627855,0.09110797,0.10174085,0.13272797,0.14800325,0.10971357,0.15439172,0.09484528,0.091575205,0.064442,0.09460822,0.0768639,0.0641035,0.07879257,0.12242915,0.09990318,0.08171016,0.077736355,0.10772203,0.112477556,0.08980893,0.12080976,0.09137487,0.095573895,0.09606348,0.099028125
0.084053636,0.06668581,0.06060867,0.068443336,0.040796243,0.044444803,0.050620038,0.1284189,0.107255414,0.11758064,0.056546964,0.13637306,0.18107621,0.13993005,0.232607,0.19484527,0.08128499,0.049732555,0.18125103,0.25437507,0.20735179,0.1997173,0.20783725,0.08156603,0.06685416,0.04340719,0.041830547,0.0514011,0.07068555,0.05067204,0.06951722,0.037607852,0.04626474,0.046423547,0.06739882,0.05515378,0.07419066,0.03147282,0.02857607,0.039492037,0.037758593,0.03388714,0.04040243,0.040501367,0.0447669,0.04212815,0.042366948,0.044215865,0.034319147,0.079300486,0.060655743,0.053707805,0.087591484,0.07293508,0.064807735,0.07131312,0.06523997,0.06241129,0.057891246,0.056853704,0.050045397,0.05294506,0.04725058,0.04496875,0.03647788,0.053539153,0.05825843,0.052202377,0.09009744,0.08893478,0.060651407,0.065707736,0.07973386,0.08295387,0.08665057,0.091775954,0.07852311,0.069309495,0.04166867,0.040092163,0.05425694,0.0462017,0.06490962,0.058287703,0.07256454,0.09066644,0.05519127,0.060502347,0.12784784,0.09338418,0.08645133,0.05755558,0.06904795,0.07919709,0.07757737,0.09895307,0.09160683,0.10232537,0.03790263,0.046502437,0.10390475,0.06762624,0.053818967,0.07888904,0.07735213,0.07248713,0.07920386,0.067226104,0.09182679,0.11249619,0.07322309,0.07135822,0.10664908,0.13369456,0.107851245,0.09645454,0.120366015,0.11951968,0.12496545,0.100617036,0.15440023,0.08673625,0.080861606,0.0912821,0.077768326,0.08547451,0.06162972,0.07366823,0.053067204,0.08230945,0.06661905,0.07195272,0.068439,0.05530445,0.06012709,0.07095206,0.09162569,0.0915116,0.110284984,0.09453587,0.11191068,0.096607864,0.07495867,0.057399333,0.080018856,0.08068732,0.06544736,0.10048945,0.15455255,0.11555982,0.07924945,0.09092496,0.11782648,0.13234383,0.106326245,0.09091817,0.077588424,0.13614115,0.11008913,0.10077686
0.058322206,0.034278154,0.041551813,0.04117348,0.036049776,0.02731515,0.04059391,0.03766473,0.03537039,0.07031724,0.041166086,0.04505686,0.09192395,0.076717556,0.19105794,0.119036585,0.041552003,0.043724705,0.12629022,0.19331188,0.15283658,0.10008979,0.111205615,0.16309622,0.04411271,0.026482433,0.02913272,0.031220615,0.045488473,0.051656976,0.042976674,0.03773889,0.037832335,0.036247835,0.032945566,0.025585633,0.03781675,0.05021494,0.04818293,0.05207354,0.042907756,0.041377347,0.043465864,0.044987,0.040475257,0.040383153,0.03135871,0.038100865,0.036774747,0.044076283,0.058477215,0.04597626,0.053519517,0.056472328,0.067556426,0.06376441,0.061212517,0.052928314,0.058922503,0.046752535,0.04159116,0.040522538,0.03849303,0.038724497,0.032345127,0.03436356,0.037713975,0.033886284,0.07138563,0.05799903,0.05011715,0.051586315,0.066720895,0.05721356,0.052379448,0.045830596,0.052411605,0.054308843,0.041156873,0.038058423,0.041520555,0.050723188,0.0494376,0.03534265,0.044394158,0.06256525,0.04106302,0.054082755,0.050827682,0.04656508,0.053247258,0.056405906,0.04707737,0.046486028,0.056296047,0.094156966,0.06893378,0.051219303,0.07043286,0.055738524,0.06714608,0.062225744,0.048737157,0.080646746,0.054946803,0.05349903,0.06573304,0.056267176,0.06896249,0.08095028,0.06944058,0.06652967,0.07392124,0.07975751,0.05995447,0.06815661,0.083729565,0.08449838,0.067394905,0.06372151,0.09170755,0.06033737,0.055292107,0.052925564,0.06929877,0.058198754,0.063428394,0.0497689,0.06820311,0.05094376,0.063994505,0.047924824,0.057352588,0.046786167,0.07291818,0.045584545,0.06385568,0.08189531,0.11460552,0.07767539,0.11136172,0.055754863,0.08113073,0.054899365,0.053202406,0.053825207,0.056975387,0.05383252,0.10194729,0.07425876,0.06549061,0.050841454,0.08351949,0.087073386,0.059255246,0.068952836,0.05761614,0.09045326,0.056408003,0.055255268
0.08383112,0.05738081,0.09723616,0.04749856,0.06245016,0.057337884,0.063221365,0.050750576,0.07318897,0.12545553,0.06013702,0.08449566,0.12171426,0.070428774,0.16200022,0.14889759,0.049055826,0.0374128,0.09273067,0.15519193,0.14801261,0.07873577,0.09796959,0.08995746,0.05504181,0.035026237,0.03956659,0.045610275,0.061243728,0.091197655,0.07526033,0.056714144,0.04798656,0.058976837,0.079540044,0.07187027,0.07764599,0.059940916,0.054023694,0.04549615,0.04706818,0.04545474,0.07304959,0.057342753,0.053340808,0.04880994,0.060312476,0.048970673,0.065386415,0.049749594,0.058916777,0.08034247,0.0646646,0.07514145,0.072623044,0.05986117,0.07069499,0.086474195,0.06090068,0.05430852,0.050846174,0.049658984,0.06213224,0.05306852,0.046355724,0.054922536,0.058998454,0.062041447,0.08834593,0.0782978,0.0675833,0.08674237,0.09174034,0.09054113,0.06761123,0.08550317,0.0832774,0.07890159,0.046392098,0.054051902,0.058945943,0.08905581,0.07795172,0.043551102,0.05729426,0.06810921,0.06851131,0.06278968,0.064039506,0.051437523,0.07896278,0.07003157,0.05422807,0.09407483,0.08522778,0.08939831,0.07228326,0.06124476,0.05654659,0.056361124,0.09410831,0.058866683,0.0700528,0.071153104,0.077539906,0.06301841,0.06707898,0.07260204,0.07525304,0.09046518,0.07695165,0.07542857,0.07469648,0.09367795,0.08574985,0.09139224,0.08706627,0.088819444,0.0669658,0.082515985,0.100844674,0.07164917,0.068718985,0.07308067,0.0728871,0.055221774,0.064759746,0.0436818,0.08844649,0.064420134,0.050883237,0.0666513,0.05686865,0.06301442,0.058385152,0.056643896,0.06219764,0.08469443,0.08235371,0.08285193,0.07508531,0.08979054,0.08434763,0.06534003,0.08028609,0.044617422,0.05661208,0.10296635,0.088705026,0.07663731,0.06669725,0.08139266,0.078603506,0.088906534,0.074432105,0.07097117,0.06869879,0.1251886,0.060331818,0.06696511
0.11140041,0.07309085,0.047776762,0.06627317,0.060859833,0.048323464,0.08240827,0.10045869,0.07916043,0.065149695,0.053811077,0.08429618,0.1831874,0.09793302,0.26238966,0.22649565,0.057796367,0.035877842,0.18513855,0.24168792,0.23797438,0.12851617,0.24754456,0.16076104,0.07398827,0.04516939,0.038087055,0.05343932,0.06065674,0.03143057,0.06372186,0.057667375,0.048204713,0.066574186,0.07883633,0.04920619,0.0678537,0.04378912,0.04134836,0.05045794,0.0368612,0.038538393,0.084259264,0.06176066,0.062068403,0.058485396,0.0504046,0.046934344,0.044512812,0.057799913,0.06465759,0.04644781,0.074526384,0.06886485,0.082990855,0.07021785,0.066721894,0.082869984,0.061489936,0.05604542,0.05834427,0.05604252,0.06937426,0.050484825,0.061378244,0.065333016,0.06453217,0.06909088,0.11409088,0.09409262,0.05082183,0.07644381,0.10925443,0.0798885,0.062451724,0.101266295,0.07130523,0.06371687,0.041928258,0.065278634,0.06248453,0.030371677,0.0569608,0.04690676,0.0593094,0.08665241,0.06047469,0.071530916,0.05710702,0.06185479,0.06760696,0.06142164,0.043977022,0.05584072,0.06427315,0.08676698,0.082269676,0.058885522,0.047780015,0.05960621,0.089924976,0.06757212,0.067535035,0.080611914,0.079416804,0.07335239,0.07592614,0.068494104,0.080934726,0.07736398,0.083017185,0.06306528,0.06550007,0.089013495,0.078044616,0.07315695,0.099355094,0.104626805,0.06139004,0.080451086,0.11687301,0.09253039,0.09348631,0.069859795,0.09392748,0.082743965,0.070836104,0.07176578,0.04630235,0.06890637,0.06779146,0.079106376,0.07285166,0.06393448,0.05260845,0.06508443,0.07409911,0.09593372,0.09917732,0.07895492,0.08729819,0.0767049,0.09015328,0.051304832,0.07908121,0.06814202,0.05531213,0.08417959,0.10595237,0.08042357,0.062197786,0.0814673,0.08669998,0.09189278,0.08579541,0.10073551,0.068926685,0.1524793,0.07247871,0.08425409
0.098091826,0.070565544,0.0393224,0.07102545,0.049650263,0.03225071,0.057065014,0.08749246,0.097276405,0.074458815,0.05540624,0.07678495,0.16661201,0.057324965,0.22231925,0.19640124,0.07921487,0.055500925,0.09950864,0.1624812,0.18357372,0.12704057,0.21368252,0.083595924,0.1139798,0.03714849,0.039174635,0.03491524,0.09359689,0.06504565,0.09465681,0.0694955,0.050195657,0.07244867,0.0645764,0.04462884,0.076922916,0.043507595,0.039971128,0.035184056,0.028252061,0.03080494,0.03973696,0.070694566,0.072684705,0.053302377,0.042498253,0.04315395,0.035591133,0.057259835,0.077706255,0.05261902,0.06399032,0.06438804,0.05569911,0.061166976,0.067034155,0.07295723,0.05336639,0.047916513,0.03539899,0.08379692,0.055047944,0.053081896,0.042980015,0.06794814,0.063743316,0.06997808,0.09630839,0.07687521,0.05131999,0.08552606,0.0915198,0.07222402,0.07284034,0.08790627,0.07100439,0.06975076,0.048958044,0.045783725,0.065458775,0.038195413,0.081228994,0.056096025,0.05928925,0.091907285,0.0736054,0.073981926,0.0667028,0.07268325,0.0691302,0.050417896,0.06325644,0.057734117,0.07926633,0.101241864,0.08212933,0.08454821,0.053816963,0.07606133,0.098616384,0.06868189,0.082374856,0.08765096,0.08753537,0.07890057,0.06466962,0.07467469,0.07602872,0.09594032,0.103522785,0.07485628,0.08913133,0.09105513,0.10978446,0.08602524,0.11863858,0.11705106,0.0973898,0.098578125,0.14646016,0.09358676,0.10107203,0.08026605,0.12256764,0.092894405,0.08320009,0.079087436,0.045661874,0.0742479,0.06266282,0.06769072,0.060145553,0.06824164,0.07501926,0.060819425,0.08606472,0.108026296,0.11532259,0.08368362,0.114257656,0.08148946,0.088402346,0.060770597,0.051379554,0.044508252,0.047758657,0.049775053,0.12842391,0.101185955,0.107481696,0.08687338,0.10266788,0.1127876,0.082652956,0.10748681,0.08636946,0.15212722,0.08234512,0.116954096
0.08945757,0.081516914,0.05798355,0.06524016,0.07181483,0.059036754,0.076581255,0.107489035,0.107779495,0.09408517,0.07670265,0.07520619,0.18022425,0.117491595,0.19341213,0.18024473,0.09346856,0.07176424,0.13403948,0.18111287,0.19244324,0.21312696,0.18301325,0.1626513,0.1038534,0.058610536,0.054457624,0.08487097,0.09656412,0.054334413,0.0814286,0.0743285,0.07369909,0.09465648,0.08652645,0.095706,0.10706685,0.091711484,0.075511016,0.05144704,0.040421613,0.062369328,0.12658207,0.09300248,0.10690688,0.075376086,0.06484293,0.07632404,0.053510685,0.073354214,0.078486696,0.06869396,0.08436459,0.0803727,0.10155614,0.060831238,0.062165532,0.09097564,0.059816528,0.08349813,0.112260684,0.09544829,0.0874607,0.06367737,0.08369716,0.077813566,0.08901912,0.104527146,0.13566029,0.07801192,0.07230007,0.096023135,0.13364215,0.073044434,0.11129765,0.14031279,0.0694425,0.07354722,0.06625506,0.1282508,0.121291935,0.06593514,0.069467306,0.07116991,0.074302815,0.08691874,0.09179925,0.11294019,0.09933928,0.087423116,0.08313612,0.08186832,0.061386537,0.08481358,0.07924532,0.099200316,0.10124173,0.079843335,0.07826544,0.123505354,0.10535267,0.07481147,0.114577815,0.09367077,0.106664345,0.080038875,0.06877892,0.06107973,0.10432643,0.098776124,0.09093462,0.084621266,0.0955118,0.12155517,0.10790303,0.10897329,0.108850814,0.1286222,0.10204027,0.09573529,0.10359114,0.12006987,0.09039581,0.078157924,0.092211835,0.09653653,0.08317574,0.14433661,0.06762328,0.09041755,0.091996536,0.08376392,0.07786457,0.09318829,0.1146889,0.08193682,0.06750828,0.092072755,0.10033592,0.09006154,0.10694007,0.09016954,0.06638328,0.06700966,0.1056547,0.051261153,0.047428336,0.10255108,0.09483283,0.069254294,0.060452677,0.087091014,0.08705919,0.09369249,0.07060349,0.08860496,0.07966816,0.12130238,0.083187185,0.097408846
0.1760708,0.13754888,0.06422747,0.11560263,0.09615826,0.064601466,0.07559021,0.14032148,0.10559201,0.059458084,0.0596051,0.12077482,0.19922632,0.060712792,0.17072746,0.14728425,0.09914084,0.11025283,0.10454365,0.17134471,0.19153261,0.20976554,0.19175908,0.11346233,0.07523329,0.057573743,0.07737054,0.0581906,0.0677143,0.07037138,0.08325367,0.05553235,0.053379994,0.124370694,0.083795555,0.11490427,0.12916727,0.05011341,0.069528125,0.111394376,0.06761936,0.05084502,0.07315739,0.10184603,0.06690235,0.061429616,0.05335203,0.05087406,0.039979037,0.03725105,0.06554774,0.04293973,0.0394555,0.041321997,0.060063668,0.034978088,0.051683705,0.07139044,0.054731008,0.06551449,0.075575255,0.05424166,0.08113804,0.089977115,0.09359048,0.055145286,0.13775563,0.10423137,0.08167928,0.06168892,0.11286996,0.09299388,0.07553993,0.076012544,0.11189806,0.07191696,0.08060528,0.072507836,0.06282299,0.062341318,0.056510314,0.09473,0.051998872,0.044545263,0.047945462,0.121484615,0.07871657,0.10882043,0.049058415,0.04938403,0.059510455,0.05355678,0.08382203,0.052117143,0.051319975,0.057391766,0.04068825,0.09716477,0.082112506,0.07645538,0.05305461,0.08198375,0.054976836,0.061095793,0.05763105,0.06456675,0.05812503,0.046384,0.07355895,0.040299397,0.061650034,0.051297747,0.05522533,0.07248807,0.054419614,0.06834218,0.045136742,0.05605017,0.09386177,0.097556375,0.069377884,0.070363946,0.070327476,0.052203726,0.08440307,0.09410199,0.07387048,0.06737669,0.0626773,0.050656676,0.07269113,0.05779461,0.11733653,0.081882074,0.065571055,0.038304992,0.06409079,0.05801467,0.08898185,0.054372467,0.09434907,0.053852588,0.041920446,0.06316311,0.06960227,0.041810352,0.04639429,0.077772215,0.05995877,0.06115949,0.05739406,0.06335005,0.05031725,0.037371963,0.041969053,0.06244101,0.09341769,0.19012973,0.065713435,0.05909912
